Место;Номер;Фамилия;Имя;Возраст;Страна;Клуб;Категория;Плавание;T1;16 км;18,5 км;22,7 км;38,7 км;41,2 км;45,4 км;48,2 км;52,2 км;61,4 км;63,9 км;68,1 км;70,9 км;74,9 км;84,1 км;86,6 км;90 км;Велогонка;T2;1 км;3,5 км;6 км;8,5 км;10,5 км;11,5 км;14 км;16,5 км;19 км;Финиш;Результат
1;1;VASILEVICH;ALIAKSANDR;37;Республика Беларусь;TRIVIDA ;Чемпионат РБ по триатлону;00:25:21;00:26:52;00:24:21;00:27:44;0:33:40;00:57:30;01:00:54;01:06:58;01:10:50;1:16:33;01:30:53;01:34:20;01:40:42;01:44:51;01:50:57;02:06:14;02:09:35;02:13:29;02:40:21;02:42:04;00:04:46;00:15:44;00:23:17;00:31:29;00:37:12;00:42:05;00:53:11;01:01:08;01:09:46;01:16:01;03:58:05
2;247;Кравченко;Кирилл;30;Россия;;М 30-34;00:27:15;00:28:56;00:25:41;00:29:16;0:35:33;01:00:48;01:04:24;01:10:47;01:14:52;01:21:04;01:35:25;01:38:51;01:45:10;01:49:12;01:55:19;02:10:06;02:13:39;02:17:58;02:46:54;02:49:03;00:04:46;00:15:34;00:23:13;00:31:20;00:37:01;00:41:52;00:52:29;01:00:05;01:08:07;01:13:41;04:02:43
3;2;Dakhno;Alexandr;29;Республика Беларусь;Tristyle;Чемпионат РБ по триатлону;00:27:20;00:29:03;00:24:58;00:28:32;0:34:52;01:00:18;01:03:59;01:10:12;01:14:20;1:20:25;01:35:42;01:39:22;01:45:57;01:50:14;01:56:35;02:11:29;02:15:01;02:19:19;02:48:22;02:49:31;00:04:45;00:15:47;00:23:50;00:32:25;00:38:31;00:43:46;00:55:27;01:03:48;01:12:40;01:18:58;04:08:30
4;126;Громов;Михаил;44;Россия; Нет клуба/No club;М 40-44;00:27:52;00:29:35;00:24:59;00:28:36;0:34:50;00:59:52;01:03:29;01:09:48;01:13:48;1:19:43;01:34:34;01:38:04;01:44:27;01:48:38;01:54:50;02:09:45;02:13:19;02:17:40;02:47:14;02:48:42;00:05:27;00:17:52;00:26:35;00:35:51;00:42:24;00:47:57;01:00:09;01:08:55;1:18:19;01:24:45;04:13:27
5;263;Зиновьев;Алексей;28;Россия;;М 25-29;00:30:57;00:32:34;00:24:48;00:28:20;0:34:24;00:58:45;01:02:14;01:08:21;01:12:12;01:18:20;01:33:13;01:36:43;01:43:05;01:47:12;01:53:08;02:08:15;02:11:49;02:16:01;02:48:35;02:49:47;00:05:13;00:17:10;00:25:49;00:35:10;00:41:48;00:47:31;1:0:22;01:09:44;01:19:39;01:26:37;04:16:24
6;4;Банников;Алексей;39;Республика Беларусь;Grebenstar;Чемпионат РБ по триатлону;00:27:04;00:28:41;00:25:59;00:29:41;0:36:10;01:02:14;01:05:55;01:12:31;01:16:41;01:22:57;01:38:37;01:42:13;01:48:53;01:53:08;01:59:24;02:15:09;02:18:52;02:23:26;02:52:06;02:53:47;00:05:15;00:16:56;00:25:23;00:34:36;00:41:03;00:46:34;00:58:39;01:07:23;01:16:42;01:23:32;04:17:19
7;152;Бельский;Дмитрий;35;Россия; Нет клуба/No club;М 35-39;00:31:37;00:33:34;00:25:29;00:28:59;0:35:23;01:01:03;01:04:42;01:11:07;01:15:16;01:21:20;01:36:00;01:39:25;01:45:51;01:49:58;01:56:03;02:11:06;02:14:38;02:19:02;02:52:36;02:54:23;00:05:07;00:16:48;00:25:11;00:34:22;00:40:42;00:46:15;00:58:30;01:07:19;1:16:35;01:22:56;04:17:19
8;3;Kupreev;Alexey;33;Республика Беларусь;Tristyle;Чемпионат РБ по триатлону;00:35:03;00:37:04;00:23:57;00:27:26;0:33:42;00:58:52;01:02:28;01:08:48;01:12:58;01:19:13;01:33:59;01:37:24;01:43:48;01:47:54;01:54:00;02:09:04;02:12:35;02:17:00;02:54:03;02:55:22;00:05:04;00:16:49;00:25:21;00:34:21;00:40:42;00:46:08;00:58:11;01:06:48;01:16:06;01:22:29;04:17:52
9;32;Минашкин;Никита;36;Россия;TRIM;М 35-39;00:32:52;00:34:38;00:26:39;00:30:27;0:36:55;01:02:52;01:06:41;01:13:30;01:17:45;01:24:15;01:39:52;01:43:42;01:50:25;01:54:39;02:02:18;02:18:11;02:22:03;02:26:34;03:01:12;03:02:57;00:04:58;00:16:12;00:24:21;00:33:04;00:39:10;00:44:29;00:56:18;01:04:47;01:13:38;01:19:44;04:22:41
10;5;Залога;Максим;35;Республика Беларусь; Нет клуба/No club;Чемпионат РБ по триатлону;00:34:24;00:36:41;00:25:13;00:28:43;0:34:54;00:59:43;01:03:12;01:09:29;01:13:32;01:19:36;01:34:20;01:37:45;01:44:08;01:48:13;01:54:20;02:09:36;02:13:10;02:17:34;02:54:14;02:55:54;00:05:45;00:18:42;00:28:12;00:38:13;00:45:13;00:51:11;01:04:31;01:14:03;01:24:01;01:31:02;04:26:56
11;119;Markovich;Aleksandr;50;Республика Беларусь;Mogilev Triathlon Team;М 50-54;00:27:27;00:29:04;00:27:23;00:31:10;0:37:38;01:03:36;01:07:22;01:13:56;01:18:14;01:24:39;01:40:26;01:44:03;01:50:43;01:55:01;02:01:26;02:17:31;02:21:14;02:25:44;02:54:48;02:57:03;00:05:30;00:18:11;00:27:25;00:37:21;00:44:19;00:50:17;1:3:35;01:13:18;01:23:18;01:30:05;04:27:07
12;13;Ракович;Андрей;42;Республика Беларусь; Нет клуба/No club;Чемпионат РБ по триатлону;00:27:43;00:29:07;00:25:03;00:28:39;0:35:6;01:01:00;01:04:37;01:11:24;01:15:34;01:21:57;01:37:13;01:40:41;01:47:09;01:51:18;01:57:21;02:12:18;02:15:51;02:20:19;02:49:26;02:51:23;00:05:29;00:19:21;00:29:01;00:39:11;00:46:16;00:52:21;01:06:49;01:17:34;01:28:53;01:36:31;04:27:53
13;41;Креч;Евгений;29;Республика Беларусь;Многобор;М 25-29;00:36:49;00:38:56;00:25:53;00:29:31;00:35:56;01:01:07;01:04:36;01:10:57;01:15:02;01:21:15;01:36:11;01:39:39;01:45:59;01:50:03;01:56:17;02:11:29;02:15:05;02:19:17;02:58:14;02:59:48;00:05:36;00:18:26;00:27:38;00:37:22;00:44:05;00:49:46;01:02:50;01:12:16;01:21:58;01:28:22;04:28:11
14;237;Коновальцев;Олег;43;Россия;;М 40-44;00:31:51;00:34:00;00:26:34;00:30:26;00:37:10;01:03:47;01:07:20;01:13:40;01:17:45;01:23:52;01:39:11;01:42:44;01:49:18;01:53:31;01:59:46;02:15:41;02:19:24;02:23:53;02:57:53;03:00:46;00:05:43;00:17:59;00:26:51;00:36:26;00:43:14;00:49:09;01:02:13;01:11:36;1:21:10;01:27:43;04:28:29
15;6;Дaвыдик;Дмитрий;43;Республика Беларусь;Gazprom Triathlon Team;Чемпионат РБ по триатлону;00:33:28;00:35:30;00:26:01;00:29:36;0:35:59;01:01:39;01:05:24;01:12:01;01:16:22;01:22:49;01:38:49;01:42:29;01:49:19;01:53:42;02:00:05;02:16:13;02:19:54;02:24:22;02:59:52;03:02:26;00:05:46;00:18:30;00:27:12;00:36:16;00:42:55;00:48:29;01:01:11;01:10:15;01:19:48;01:26:30;04:28:56
16;224;Магомедов;Гаджи;33;Россия;;М 30-34;00:33:07;00:35:54;00:25:30;00:29:03;0:35:25;01:00:57;01:04:30;01:11:00;01:15:15;01:21:27;01:36:29;01:39:59;01:46:32;01:50:43;01:56:45;02:11:51;02:15:24;02:19:48;02:55:42;02:57:47;00:05:50;00:19:07;00:28:30;0:38:23;00:45:18;00:51:12;01:04:36;01:14:19;01:24:17;01:31:14;04:29:02
17;255;Saraev;Dan;29;Россия;;М 25-29;00:32:10;00:33:46;00:27:43;00:31:35;0:38:7;01:04:19;01:08:01;01:14:35;01:18:49;01:25:14;01:40:56;01:44:41;01:51:29;01:55:47;02:02:09;02:18:02;02:21:45;02:26:16;03:00:02;03:01:43;00:05:31;00:17:54;00:26:59;00:36:40;00:43:29;00:49:12;1:2:0;01:11:20;01:21:14;01:28:06;04:29:49
18;7;Тылиндус;Александр;39;Республика Беларусь;Tristyle;Чемпионат РБ по триатлону;00:33:03;00:35:01;00:25:25;00:28:55;0:35:41;01:02:50;01:06:29;01:12:54;01:17:07;01:23:17;01:38:31;01:42:02;01:48:31;01:52:42;01:58:58;02:14:39;02:18:18;02:22:56;02:57:57;02:59:53;00:05:28;00:18:08;00:27:24;00:37:15;00:44:08;00:50:04;01:03:40;01:13:23;01:23:34;01:30:36;04:30:29
19;155;Кожан;Валерий;51;Республика Беларусь;Tristyle;М 50-54;00:36:26;00:38:36;00:26:24;00:30:05;00:36:39;01:01:59;01:05:32;01:11:57;01:16:08;01:22:21;01:38:00;01:41:35;01:48:13;01:52:27;01:58:50;02:14:42;02:18:25;02:22:58;03:01:34;03:03:45;00:06:02;00:19:00;00:28:23;00:38:13;00:45:06;00:50:54;01:03:51;01:13:02;01:22:39;01:29:27;04:33:13
20;10;Пульман;Алексей;40;Республика Беларусь; Нет клуба/No club;Чемпионат РБ по триатлону;00:34:00;00:35:48;00:25:48;00:29:20;0:35:35;01:00:41;01:04:16;01:10:39;01:14:53;01:21:09;01:36:26;01:40:03;01:46:41;01:51:00;01:57:22;02:13:16;02:16:57;02:21:28;02:57:17;02:58:49;00:06:00;00:19:45;00:29:47;00:40:30;00:48:05;00:54:35;01:08:26;01:18:08;1:28:2;01:34:48;04:33:37
21;179;Malygin;Alexander;37;Россия;;М 35-39;00:33:15;00:34:49;00:26:36;00:30:25;0:36:58;01:03:15;01:06:56;01:13:33;01:17:49;01:24:17;01:39:54;01:43:29;01:50:09;01:54:25;02:00:48;02:16:46;02:20:26;02:25:11;03:00:00;03:01:28;00:05:47;00:19:10;00:28:36;00:38:39;00:45:49;00:51:55;1:5:29;01:15:22;01:25:14;01:32:17;04:33:45
22;109;Новицкий;Александр;37;Республика Беларусь;Altius!;М 35-39;00:33:43;00:35:45;00:25:33;00:29:00;0:35:5;00:59:32;01:03:04;01:09:40;01:13:37;01:19:29;01:34:05;01:37:30;01:43:56;01:48:05;01:54:04;02:09:24;02:13:03;02:17:47;02:53:32;02:55:10;00:06:26;00:20:02;00:29:52;00:40:31;00:48:08;00:54:38;1:9:26;01:20:13;01:31:35;01:39:38;04:34:48
23;184;Новиков;Кирилл;36;Россия;;М 35-39;00:36:37;00:38:09;00:26:38;00:30:23;00:37:01;01:03:17;01:06:58;01:13:47;01:18:10;01:24:35;01:40:23;01:44:06;01:50:49;01:55:03;02:01:17;02:17:05;02:20:46;02:25:01;03:03:10;03:04:36;00:05:52;00:18:55;00:28:02;00:37:44;00:44:41;00:50:33;1:3:45;01:13:22;1:23:31;01:30:28;04:35:04
24;230;Буткарев;Сергей;37;Россия;;М 35-39;00:35:57;00:37:49;00:28:00;00:31:38;00:38:15;01:04:02;01:07:39;01:14:20;01:18:31;01:24:49;01:40:50;01:44:30;01:51:19;01:55:36;02:02:04;02:18:40;02:22:34;02:27:22;03:05:11;03:07:06;00:05:49;00:18:56;00:28:16;00:38:01;00:44:59;00:50:46;1:3:40;01:13:04;01:22:32;01:29:19;04:36:26
25;110;Богуш;Вадим;40;Республика Беларусь;Altius!;М 40-44;00:36:29;00:39:02;00:27:02;00:30:59;00:37:50;01:04:51;01:08:48;01:15:39;01:20:04;01:26:50;01:42:52;01:46:45;01:53:40;01:58:13;02:04:56;02:21:41;02:25:41;02:30:21;03:09:22;03:11:25;00:07:16;00:19:02;00:27:34;00:36:43;00:43:03;00:48:29;1:0:31;01:09:17;01:18:34;01:25:11;04:36:36
26;52;Старцев;Павел;46;Республика Беларусь; Нет клуба/No club;М 45-49;00:35:19;00:38:02;00:26:22;00:30:05;00:36:39;01:03:23;01:07:08;01:13:50;01:18:08;01:24:37;01:40:29;01:44:16;01:51:19;01:55:40;02:01:55;02:17:39;02:21:16;02:25:30;03:03:33;03:05:38;00:05:36;00:18:43;00:28:19;00:38:28;00:45:39;00:51:42;1:5:14;01:15:06;01:25:26;01:32:39;04:38:17
27;8;Zhurauliou;Ryhor;42;Республика Беларусь;Grebenstar;Чемпионат РБ по триатлону;00:35:06;00:36:53;00:24:37;00:28:12;0:34:29;00:59:43;01:03:21;01:09:47;01:13:56;01:20:11;01:35:19;01:38:54;01:45:30;01:49:49;01:56:16;02:12:15;02:15:48;02:20:15;02:57:07;02:59:15;00:06:25;00:20:22;00:30:30;00:41:27;00:49:11;00:55:49;01:10:35;01:20:55;01:31:49;01:39:16;04:38:31
28;11;Лукша;Татьяна;26;Республика Беларусь; Нет клуба/No club;Чемпионат РБ по триатлону;00:27:16;00:28:58;00:27:13;00:31:11;0:38:11;01:06:16;01:10:15;01:17:26;01:22:05;01:29:09;01:46:31;01:50:34;01:58:00;02:02:53;02:09:57;02:27:37;02:31:43;02:36:35;03:05:34;03:07:09;00:05:40;00:18:20;00:27:32;00:37:29;00:44:35;00:50:38;01:04:16;01:14:07;1:24:37;01:31:48;04:38:57
29;9;Мунтян;Сергей;38;Республика Беларусь;Grebenstar;Чемпионат РБ по триатлону;00:35:28;00:37:50;00:26:47;00:30:29;00:37:12;01:04:07;01:07:50;01:14:40;01:18:49;01:24:57;01:40:12;01:43:41;01:50:16;01:54:30;02:00:44;02:16:42;02:20:23;02:24:51;03:02:41;03:04:44;00:05:42;00:18:46;00:28:25;00:38:49;00:46:09;00:52:17;01:06:11;01:16:19;1:27:3;01:34:23;04:39:07
30;218;Иванов;Денис;38;Россия;;М 35-39;00:38:01;00:40:20;00:27:00;00:30:47;00:37:31;01:04:40;01:08:25;01:15:00;01:19:14;01:25:29;01:41:10;01:44:51;01:51:34;01:55:58;02:02:28;02:18:41;02:22:27;02:26:53;03:07:13;03:09:24;00:05:46;00:18:50;00:28:03;00:37:39;00:44:36;00:50:29;1:3:30;01:13:00;1:23:0;01:29:50;04:39:14
31;122;Харитонов;Никита;24;Республика Беларусь;Многобор;М 18-24;00:29:03;00:30:29;00:28:41;00:32:34;0:39:30;01:07:20;01:11:15;01:18:12;01:22:44;01:29:34;01:46:25;01:50:16;01:57:19;02:01:58;02:08:47;02:26:11;02:30:15;02:35:02;03:05:31;03:06:58;00:05:34;00:18:44;00:28:26;00:38:52;00:46:14;00:52:52;01:07:13;01:17:04;01:27:32;01:34:33;04:41:32
32;91;Тулисов;Эдуард;47;Россия;Vedenin Ski Team (VST);М 45-49;00:33:30;00:35:33;00:26:07;00:29:43;0:36:13;01:02:19;01:06:04;01:12:43;01:16:56;01:23:20;01:38:42;01:42:11;01:48:43;01:52:53;01:59:02;02:14:32;02:18:09;02:22:32;02:58:05;03:00:47;00:06:15;00:20:42;00:30:58;00:41:55;00:49:41;00:56:20;1:11:22;01:22:20;01:33:37;01:41:24;04:42:11
33;87;Головаченко;Денис;43;Республика Беларусь;On-Bike Team;М 40-44;00:33:07;00:34:35;00:25:48;00:29:24;0:35:48;01:01:29;01:05:12;01:11:48;01:16:10;01:22:37;01:38:36;01:42:16;01:49:06;01:53:29;01:59:52;02:16:03;02:19:45;02:24:16;02:58:52;03:00:25;00:06:04;00:20:26;00:31:12;00:42:51;00:50:46;00:57:31;1:12:37;01:23:38;01:34:47;01:42:43;04:43:07
34;177;Гацко;Дмитрий;48;Республика Беларусь;Tristyle;М 45-49;00:30:30;00:33:09;00:26:53;00:30:34;0:36:59;01:02:46;01:06:30;01:13:04;01:17:28;01:23:55;01:39:37;01:43:17;01:50:10;01:54:38;02:01:06;02:17:20;02:21:02;02:25:37;02:58:46;03:00:52;00:06:08;00:20:25;00:31:21;00:42:22;00:50:11;00:56:57;1:12:4;01:23:06;01:34:24;01:42:19;04:43:10
35;65;Лукин;Виталик;46;Россия;Karelia Challenge;М 45-49;00:35:40;00:38:38;00:25:38;00:29:15;00:35:27;01:00:38;01:04:12;01:10:30;01:14:36;01:20:48;01:36:00;01:39:37;01:46:09;01:50:20;01:56:37;02:12:31;02:16:17;02:20:44;02:59:21;03:01:15;00:05:56;00:19:32;00:29:34;00:40:12;00:47:40;00:54:01;1:8:56;01:19:49;01:33:38;01:42:22;04:43:37
36;187;Жулей;Иван;39;Россия;;М 35-39;00:37:39;00:40:01;00:27:52;00:31:42;00:38:36;01:06:26;01:10:14;01:17:23;01:21:55;01:28:36;01:45:19;01:49:10;01:55:57;02:00:25;02:06:57;02:23:57;02:27:47;02:32:19;03:12:21;03:14:10;00:05:47;00:18:25;00:27:29;00:37:11;00:44:09;00:50:06;1:3:8;01:12:38;01:22:24;01:29:29;04:43:39
37;145;Леончик;Владимир;38;Республика Беларусь; Нет клуба/No club;М 35-39;00:35:53;00:37:57;00:27:50;00:31:27;00:38:06;01:04:17;01:07:57;01:14:55;01:19:24;01:26:05;01:42:53;01:46:40;01:53:45;01:58:11;02:04:40;02:20:26;02:24:03;02:28:51;03:06:49;03:09:38;00:06:22;00:20:15;00:30:01;00:40:32;00:47:46;00:53:59;01:07:39;01:17:21;01:27:24;01:34:17;04:43:55
38;12;Синевич;Алина;19;Республика Беларусь; Нет клуба/No club;Чемпионат РБ по триатлону;00:26:34;00:28:57;00:28:32;00:32:47;0:40:3;01:09:15;01:13:24;01:20:45;01:25:28;01:32:27;01:49:44;01:53:47;02:01:07;02:05:49;02:12:57;02:30:45;02:34:58;02:39:51;03:08:48;03:10:22;00:05:48;00:19:10;00:28:44;00:38:57;00:46:08;00:52:14;01:06:22;01:17:16;01:28:13;01:35:14;04:45:36
39;234;Андреев;Константин;40;Россия;;М 40-44;00:34:22;00:37:10;00:27:00;00:30:50;00:37:37;01:04:36;01:08:30;01:15:28;01:19:46;01:26:17;01:42:02;01:45:53;01:52:50;01:57:11;02:03:47;02:20:28;02:24:20;02:29:01;03:06:11;03:08:27;00:06:01;00:19:29;00:29:15;00:39:37;00:46:55;00:53:10;1:7:36;01:18:07;01:29:30;01:37:26;04:45:53
40;96;Иванников;Александр;38;Россия; Нет клуба/No club;М 35-39;00:41:11;00:43:35;00:25:50;00:29:24;00:35:47;01:01:08;01:04:39;01:11:14;01:15:29;01:21:43;01:37:25;01:41:04;01:47:51;01:52:18;01:58:42;02:14:47;02:18:29;02:23:07;03:06:42;03:09:53;00:05:34;00:18:53;00:29:15;00:39:50;00:47:06;00:53:42;01:07:58;01:18:28;01:29:52;01:36:42;04:46:35
41;111;Мелях;Дмитрий;44;Россия;;М 40-44;00:25:23;00:27:00;00:28:25;00:32:18;0:39:9;01:06:38;01:10:25;01:17:21;01:21:55;01:28:31;01:45:01;01:48:47;01:55:52;02:00:26;02:07:14;02:23:41;02:27:22;02:31:54;02:58:54;03:00:44;00:06:10;00:20:44;00:31:56;00:44:25;00:52:55;01:00:01;01:15:37;01:27:03;01:38:49;01:46:47;04:47:31
42;21;Ларионов;Андрей;42;Республика Беларусь; Нет клуба/No club;М 40-44;00:35:20;00:37:32;00:27:30;00:31:19;00:38:04;01:05:10;01:08:50;01:15:42;01:19:59;01:26:34;01:42:32;01:46:16;01:53:14;01:57:42;02:04:20;02:20:59;02:24:50;02:29:31;03:07:03;03:09:24;00:06:27;00:21:09;00:31:37;00:42:40;00:50:26;00:56:59;01:11:34;01:21:43;01:32:11;01:39:10;04:48:34
43;50;Литвиненко;Дмитрий;36;Республика Беларусь;Tristyle;М 35-39;00:37:11;00:40:17;00:27:24;00:31:16;00:38:04;01:04:58;01:08:40;01:15:34;01:19:59;01:26:32;01:43:03;01:46:58;01:54:10;01:58:42;02:05:25;02:22:48;02:26:49;02:31:47;03:12:04;03:13:58;00:05:54;00:19:10;00:28:43;00:38:49;00:46:03;00:52:12;01:06:09;01:16:14;01:27:11;01:34:48;04:48:46
44;70;Харитонов;Виталий;45;Республика Беларусь;Многобор;М 45-49;00:33:19;00:35:07;00:27:56;00:31:49;00:38:44;01:06:53;01:10:53;01:18:08;01:22:44;01:29:46;01:46:53;01:50:47;01:58:01;02:02:47;02:09:45;02:27:22;02:31:29;02:36:24;03:11:32;03:13:13;00:06:21;00:19:45;00:29:20;00:39:35;00:46:50;00:52:58;01:07:17;01:17:33;01:28:27;01:35:48;04:49:01
45;257;Дюба;Евгений;42;Россия;;М 40-44;00:33:09;00:34:49;00:26:11;00:29:51;0:36:21;01:02:26;01:06:12;01:12:54;01:17:08;01:23:35;01:39:12;01:42:54;01:49:42;01:54:04;02:00:43;02:17:51;02:21:53;02:26:57;03:01:45;03:03:35;00:05:55;00:19:50;00:30:25;00:42:44;00:50:52;00:57:47;01:14:22;01:25:30;01:37:20;01:45:30;04:49:05
46;77;Инин;Владислав;27;Россия; Нет клуба/No club;М 25-29;00:39:28;00:42:44;00:26:53;00:30:53;00:37:36;01:04:36;01:08:25;01:15:09;01:19:29;01:26:06;01:42:25;01:46:18;01:53:04;01:57:28;02:04:07;02:21:10;02:25:15;02:30:02;03:12:45;03:14:57;00:05:31;0:18:29;00:27:54;00:37:58;00:45:32;00:51:51;01:05:57;01:16:21;01:27:09;01:34:35;04:49:32
47;131;Тарасенко;Артем;37;Республика Беларусь; Нет клуба/No club;М 35-39;00:32:43;00:35:30;00:28:44;00:32:48;00:39:51;01:08:25;01:12:27;01:19:44;01:24:23;01:31:20;01:48:30;01:52:33;01:59:50;02:04:28;02:11:32;02:29:15;02:33:29;02:38:26;03:13:56;03:15:49;00:05:55;0:19:20;00:29:04;00:39:21;00:46:38;00:52:47;01:06:34;01:16:22;01:26:46;01:33:51;04:49:40
48;75;Чечура;Андрей;34;Республика Беларусь;Многобор;М 30-34;00:30:39;00:32:30;00:29:04;00:33:10;00:40:26;01:09:10;01:13:09;01:20:26;01:25:04;01:32:02;01:49:03;01:52:55;02:00:05;02:04:46;02:11:35;02:29:12;02:33:11;02:38:08;03:10:38;03:12:50;00:06:10;00:19:54;00:29:38;00:39:54;00:47:34;00:54:24;01:09:06;01:19:17;01:29:58;01:37:26;04:50:16
49;72;Vashkevich;Anton;38;Республика Беларусь; Нет клуба/No club;М 35-39;00:33:38;00:36:35;00:28:11;00:32:12;00:39:15;01:07:18;01:11:09;01:18:15;01:22:49;01:29:39;01:46:29;01:50:32;01:57:46;02:02:23;02:09:08;02:25:57;02:30:02;02:34:58;03:11:32;03:13:30;00:06:31;00:20:54;00:31:06;00:41:45;00:49:09;00:55:26;1:9:37;01:19:57;01:30:46;01:38:19;04:51:49
50;139;Shinkarev;Alexey;36;Республика Беларусь;Grebenstar;М 35-39;00:37:31;00:41:13;00:27:32;00:31:17;00:38:01;01:05:02;01:08:46;01:15:40;01:20:12;01:26:49;01:42:58;01:46:42;01:53:38;01:58:08;02:04:42;02:21:30;02:25:13;02:29:52;03:11:05;03:13:33;00:05:56;00:20:00;00:30:06;00:40:47;00:48:14;00:54:30;01:09:03;01:19:28;01:30:32;01:38:18;04:51:51
51;171;Мармыль;Ольга;36;Республика Беларусь;Tristyle;Ж 30-39;00:28:23;00:30:47;00:30:34;00:34:51;00:42:25;01:12:49;01:17:05;01:24:46;01:29:42;01:37:02;01:55:33;01:59:53;02:07:50;02:12:47;02:20:07;02:38:55;02:43:19;02:48:30;03:19:17;03:20:46;00:05:41;00:18:35;00:27:58;00:38:01;00:45:10;00:51:18;1:4:49;01:14:40;01:24:53;01:32:13;04:53:00
52;190;Кудрявцев;Александр;38;Россия;;М 35-39;00:41:56;00:43:41;00:27:14;00:31:01;00:37:47;01:04:56;01:08:42;01:15:38;01:20:00;01:26:40;01:43:18;01:47:09;01:54:12;01:58:44;02:05:25;02:22:22;02:26:21;02:31:09;03:14:49;03:16:43;00:05:49;00:19:34;00:29:35;00:40:26;00:47:54;00:54:10;01:08:32;01:18:43;01:29:31;01:37:00;04:53:43
53;121;Николаев;Алексей;44;Россия; Нет клуба/No club;М 40-44;00:33:41;00:35:44;00:28:30;00:32:21;00:39:11;01:05:47;01:09:36;01:16:35;01:21:02;01:27:38;01:44:06;01:47:54;01:54:49;01:59:13;02:05:50;02:22:21;02:26:13;02:30:49;03:06:32;03:08:25;00:06:52;00:22:12;00:33:18;00:45:06;00:53:11;01:00:13;01:15:45;01:26:59;01:38:39;01:46:36;04:55:01
54;211;Юрченко;Александр;34;Россия;;М 30-34;00:42:03;00:46:33;00:27:22;00:31:04;00:37:48;01:03:59;01:07:31;01:14:18;01:18:37;01:24:43;01:40:50;01:44:27;01:51:13;01:55:30;02:01:48;02:18:04;02:21:52;02:26:34;03:13:06;03:15:48;00:06:29;00:21:01;00:31:17;00:42:23;00:50:10;00:56:34;1:11:7;01:21:43;01:32:36;01:40:19;04:56:08
55;68;Marchuk;Artyom;30;Республика Беларусь; Нет клуба/No club;М 30-34;00:38:06;00:40:37;00:29:24;00:33:37;00:40:45;01:09:31;01:13:24;01:20:40;01:25:22;01:32:30;01:50:12;01:54:16;02:01:35;02:06:24;02:13:28;02:31:23;02:35:32;02:40:23;03:21:00;03:23:17;00:06:13;00:20:01;00:29:44;00:40:02;00:47:20;00:53:19;01:06:43;01:16:23;01:26:30;01:33:17;04:56:34
56;106;Савостьянов;Александр;42;Россия; Нет клуба/No club;М 40-44;00:37:14;00:39:47;00:28:15;00:32:11;00:39:00;01:06:49;01:10:30;01:17:14;01:21:39;01:28:26;01:44:42;01:48:27;01:55:22;01:59:53;02:06:28;02:23:17;02:26:58;02:31:33;03:11:19;03:13:28;00:06:17;00:21:22;00:31:56;00:43:55;00:51:46;00:58:29;01:13:38;01:24:34;01:35:55;01:43:43;04:57:11
57;258;Царев;Сергей;55;Россия;;М 55-59;00:38:54;00:41:29;00:27:09;00:31:04;00:37:52;01:05:42;01:09:27;01:16:27;01:20:49;01:27:22;01:43:34;01:47:14;01:54:10;01:58:39;02:05:17;02:22:08;02:25:48;02:30:28;03:11:56;03:13:48;00:06:21;00:20:57;00:31:34;00:42:51;00:50:43;00:57:27;01:13:01;01:24:09;01:35:51;01:43:59;04:57:47
58;176;Калугин;Александр;41;Россия;;М 40-44;00:43:11;00:46:42;00:28:00;00:31:56;00:39:00;01:07:46;01:11:39;01:19:04;01:23:39;01:30:15;01:48:06;01:52:25;01:59:44;02:04:31;02:11:14;02:29:27;02:33:30;02:39:47;03:26:29;03:29:32;00:06:04;00:19:13;00:28:28;00:38:06;00:44:56;00:50:59;01:03:59;01:13:18;01:23:05;01:29:46;04:59:17
59;85;Maliauka;Siarhei;33;Республика Беларусь;Grebenstar;М 30-34;00:42:14;00:44:01;00:28:10;00:32:04;00:39:02;01:06:55;01:10:42;01:17:57;01:22:33;01:29:13;01:46:27;01:50:24;01:57:38;02:02:07;02:08:40;02:25:59;02:29:59;02:34:54;03:18:55;03:20:59;00:05:28;00:18:27;00:28:20;0:38:55;00:46:19;00:52:39;01:06:39;01:16:53;01:29:30;01:38:19;04:59:18
60;138;Купреенко;Игорь;40;Россия; Нет клуба/No club;М 40-44;00:41:11;00:45:15;00:28:43;00:32:48;00:40:02;01:08:28;01:12:26;01:19:40;01:24:18;01:31:07;01:48:15;01:52:11;01:59:16;02:03:43;02:10:29;02:27:29;02:31:24;02:36:02;03:21:17;03:24:08;00:06:17;00:20:31;00:30:34;00:41:15;00:48:39;00:54:47;01:08:29;01:18:24;01:28:36;01:35:46;04:59:54
61;217;Удальцов;Александр;35;Россия;;М 35-39;00:36:03;00:41:16;00:29:17;00:33:26;00:40:49;01:10:09;01:14:10;01:21:43;01:26:25;01:33:31;01:51:02;01:55:11;02:02:36;02:07:16;02:14:25;02:32:30;02:36:50;02:41:42;03:22:57;03:26:44;00:06:20;00:20:48;00:30:52;0:41:10;00:48:22;00:54:26;01:07:40;01:17:27;01:27:31;01:33:52;05:00:35
62;186;Чайка;Александр;53;Россия;;М 50-54;00:41:25;00:44:22;00:27:15;00:31:11;00:38:02;01:05:25;01:09:15;01:16:20;01:20:52;01:27:40;01:44:53;01:48:48;01:55:59;02:00:32;02:07:12;02:24:07;02:28:05;02:32:44;03:17:06;03:19:48;00:06:20;00:20:28;00:30:37;0:41:38;00:49:20;00:55:55;1:10:54;01:21:50;01:33:04;01:40:50;05:00:38
63;157;Автушко;Денис;44;Республика Беларусь;Аист;М 40-44;00:38:59;00:41:58;00:30:06;00:34:18;00:41:35;01:10:49;01:14:59;01:22:26;01:27:20;01:34:25;01:52:13;01:56:18;02:03:56;02:08:46;02:16:00;02:33:51;02:37:59;02:42:54;03:24:52;03:26:54;00:05:55;00:19:39;00:29:32;0:40:3;00:47:25;00:53:29;01:07:21;01:17:14;01:27:42;01:34:51;05:01:45
64;248;Ташбеков;Денис;45;Россия;;М 45-49;00:41:23;00:44:39;00:26:01;00:29:42;00:36:18;01:03:00;01:06:37;01:13:24;01:17:47;01:24:19;01:40:31;01:44:10;01:51:08;01:55:36;02:02:13;02:19:05;02:22:46;02:27:31;03:12:11;03:14:49;00:06:42;00:22:13;00:33:26;00:45:42;00:54:11;01:01:20;1:17:3;01:28:30;01:40:32;01:49:03;05:03:52
65;215;Филиппович;Татьяна;36;Россия;;Ж 30-39;00:39:13;00:42:45;00:29:03;00:33:11;00:40:33;01:09:32;01:13:37;01:21:15;01:26:05;01:32:56;01:50:37;01:54:45;02:02:18;02:07:08;02:14:07;02:31:48;02:36:00;02:41:05;03:23:50;03:26:15;00:06:06;00:19:57;00:29:52;00:40:38;00:48:12;00:54:34;01:08:55;01:19:14;01:30:11;01:38:17;05:04:32
66;143;Дикарев;Сергей;47;Республика Беларусь;Grebenstar;М 45-49;00:37:43;00:41:14;00:28:42;00:32:51;00:40:10;01:08:39;01:12:44;01:20:15;01:24:55;01:32:14;01:50:17;01:54:19;02:01:49;02:06:48;02:14:06;02:31:42;02:35:57;02:40:57;03:22:11;03:24:16;00:06:19;00:20:46;00:31:32;00:42:48;00:50:29;00:56:57;01:11:28;01:21:59;01:32:43;01:40:17;05:04:33
67;38;Вашкевич;Виктор;40;Республика Беларусь; Нет клуба/No club;М 40-44;00:35:19;00:38:29;00:30:04;00:34:16;00:41:34;01:10:36;01:14:34;01:22:00;01:26:49;01:33:53;01:51:56;01:55:56;02:03:26;02:08:19;02:15:15;02:33:12;02:37:22;02:42:15;03:20:44;03:22:35;00:06:24;00:21:12;00:31:47;00:42:49;00:50:31;00:57:06;01:11:55;01:22:41;01:34:14;01:42:25;05:05:01
68;256;Павленко;Денис;44;Россия;;М 40-44;00:40:54;00:44:01;00:27:22;00:31:17;00:38:04;01:05:37;01:09:27;01:16:36;01:21:08;01:27:57;01:45:01;01:49:00;01:56:10;02:00:40;02:07:30;02:25:04;02:29:21;02:34:23;03:18:24;03:21:32;00:06:47;00:22:21;00:33:00;00:43:55;00:51:33;00:58:09;01:13:05;01:23:46;01:35:24;01:43:50;05:05:22
69;222;Кричмара;Анастасия;34;Россия;Беговая школа Темп;Ж 30-39;00:42:40;00:44:58;00:29:11;00:33:14;00:40:20;01:08:26;01:12:21;01:19:40;01:24:23;01:31:15;01:48:42;01:52:39;02:00:02;02:04:45;02:11:41;02:29:10;02:33:12;02:38:02;03:23:00;03:25:11;00:06:17;00:20:33;00:31:03;0:42:6;00:49:49;00:56:22;01:11:01;01:21:31;01:32:31;01:40:19;05:05:30
70;241;Тужиков;Василий;42;Россия;;М 40-44;00:41:15;00:43:50;00:27:52;00:32:00;00:39:11;01:09:29;01:13:21;01:21:00;01:25:44;01:32:41;01:50:30;01:54:35;02:01:59;02:06:51;02:13:36;02:30:15;02:34:08;02:38:49;03:22:39;03:24:42;00:06:34;00:21:41;00:32:27;0:45:1;00:53:48;01:00:02;01:13:45;01:23:25;01:33:37;01:41:03;05:05:45
71;136;Волынчук;Евгений;32;Республика Беларусь; Нет клуба/No club;М 30-34;00:43:12;00:45:39;00:27:29;00:31:15;00:38:15;01:05:34;01:09:14;01:16:00;01:20:16;01:26:43;01:43:20;01:46:47;01:53:35;01:58:01;02:04:38;02:21:15;02:25:03;02:29:44;03:15:24;03:18:07;00:06:48;00:22:06;00:33:10;00:44:51;00:52:55;00:59:53;01:15:50;01:27:36;01:40:09;01:48:15;05:06:22
72;153;Kevlich;Pavel;40;Республика Беларусь; Нет клуба/No club;М 40-44;00:39:59;00:42:46;00:29:52;00:33:58;0:40:57;01:09:00;01:12:52;1:20:9;01:24:51;01:31:30;01:48:33;01:52:28;01:59:38;02:04:12;02:10:56;02:28:22;02:32:15;02:38:27;03:21:13;03:25:45;00:06:32;00:20:53;00:31:24;00:42:40;00:50:16;00:56:43;01:11:27;01:22:12;01:33:16;01:40:43;05:06:28
73;42;Бакунович;Роман;31;Республика Беларусь; Нет клуба/No club;М 30-34;00:42:18;00:45:36;00:28:22;00:32:23;00:39:29;01:07:54;01:11:51;01:19:13;01:23:58;01:30:54;01:48:50;01:53:00;02:00:27;02:05:24;02:12:44;02:31:56;02:36:14;02:41:29;03:27:05;03:28:54;00:05:45;0:19:37;00:29:41;00:40:15;00:47:38;00:53:57;01:08:07;01:18:46;01:30:06;01:38:07;05:07:01
74;120;Gustomyasov;Igor;45;Россия;SBERBANK Triathlon Team;М 45-49;00:42:39;00:46:08;00:29:49;00:34:00;00:41:31;01:09:50;01:13:47;01:21:06;01:25:49;01:32:34;01:49:49;01:53:39;02:00:59;02:05:41;02:12:33;02:29:42;02:33:44;02:38:36;03:24:45;03:27:38;00:06:24;00:20:40;00:31:03;0:42:14;00:50:03;00:56:37;01:11:24;01:21:48;01:32:32;01:39:49;05:07:26
75;242;Meshkov;Ivan;36;Россия;;М 35-39;00:38:35;00:41:07;00:29:18;00:33:24;00:40:37;01:08:46;01:12:40;01:20:07;01:24:42;01:31:27;01:48:37;01:52:39;02:00:02;02:04:42;02:11:36;02:29:09;02:33:13;02:38:05;03:19:12;03:22:01;00:06:49;00:22:02;00:32:50;00:44:17;00:52:06;00:58:53;01:14:10;01:25:21;01:37:05;01:45:27;05:07:28
76;250;Ядровский;Антон;37;Россия;;М 35-39;00:38:17;00:41:05;00:27:23;00:31:28;00:38:31;01:06:26;01:10:17;01:17:22;01:21:54;01:28:47;01:45:47;01:49:37;01:56:31;02:01:02;02:07:45;02:24:41;02:28:39;02:33:15;03:14:20;03:16:32;00:06:16;00:21:14;00:37:03;00:48:00;00:55:45;01:02:34;01:18:06;01:29:32;01:42:23;01:51:15;05:07:47
77;90;Кущенко;Александр;61;Россия;impulse;М 60-69;00:36:53;00:39:15;00:28:45;00:32:41;00:39:43;01:07:38;01:11:27;01:18:43;01:23:22;01:30:18;01:46:36;01:50:21;01:57:19;02:01:55;02:08:42;02:26:28;02:30:30;02:35:13;03:14:27;03:16:43;00:07:04;00:23:16;00:35:03;00:47:32;00:56:02;01:03:15;01:19:26;01:31:00;01:42:53;01:51:15;05:07:58
78;47;Фенченко;Иван;38;Республика Беларусь; Нет клуба/No club;М 35-39;00:36:47;00:40:24;00:28:11;00:32:06;00:38:54;01:06:26;01:10:09;01:17:08;01:21:42;01:28:32;01:45:02;01:48:58;01:56:05;02:00:45;02:07:24;02:24:05;02:28:00;02:34:03;03:14:26;03:16:55;00:06:48;00:22:37;00:34:06;00:46:08;00:54:48;01:02:07;01:18:34;01:30:20;01:42:56;01:51:32;05:08:27
79;183;Малец;Андрей;40;Россия;;М 40-44;00:38:22;00:41:27;00:27:53;00:31:59;00:38:55;01:06:47;01:10:43;01:17:40;01:22:11;01:28:52;01:45:34;01:49:36;01:56:46;02:01:25;02:08:03;02:24:51;02:29:00;02:34:07;03:15:34;03:19:42;00:06:20;00:21:12;00:32:11;00:44:03;00:52:33;01:01:14;01:16:58;01:28:35;01:40:46;01:49:08;05:08:50
80;104;Семенин;Александр;45;Россия; Нет клуба/No club;М 45-49;00:40:27;00:44:35;00:28:26;00:32:31;00:39:50;01:08:53;01:12:51;01:20:59;01:25:44;01:32:28;01:50:16;01:54:28;02:02:11;02:07:02;02:14:02;02:32:15;02:36:52;02:41:54;03:26:29;03:29:33;00:06:14;00:20:27;00:30:51;0:41:54;00:49:38;00:56:09;01:10:47;01:21:01;01:31:43;01:39:34;05:09:07
81;101;Кондейкин;Роман;43;Россия; Нет клуба/No club;М 40-44;00:34:04;00:37:56;00:29:03;00:33:12;00:40:36;01:09:41;01:13:42;01:21:10;01:26:01;01:33:07;01:51:00;01:55:17;02:03:02;02:07:51;02:14:59;02:32:58;02:37:16;02:42:20;03:20:16;03:22:34;00:06:20;00:20:53;00:31:42;00:43:27;00:51:46;00:59:00;01:14:37;01:25:58;01:38:07;01:46:56;05:09:30
82;180;Серогодский;Кирилл;36;Россия;;М 35-39;00:40:49;00:43:56;00:30:06;00:34:27;00:42:09;01:12:42;01:16:49;01:24:37;01:29:32;01:36:49;01:54:46;01:58:57;02:06:45;02:11:37;02:18:43;02:36:58;02:41:19;02:46:31;03:30:27;03:32:43;00:06:17;00:21:12;00:31:08;00:41:37;00:48:50;00:55:04;01:09:14;01:19:12;01:29:43;01:36:52;05:09:35
83;76;Кривобок;Николай;38;Республика Беларусь; Нет клуба/No club;М 35-39;00:38:21;00:42:34;00:30:57;00:35:23;00:43:10;01:14:38;01:18:59;01:26:59;01:32:20;01:39:43;01:58:52;02:03:14;02:11:12;02:16:24;02:23:57;2:44:3;02:48:42;02:54:02;03:36:36;03:41:40;00:05:21;00:17:46;00:26:40;00:36:15;00:43:01;00:48:46;01:02:02;01:11:43;01:21:53;01:28:51;05:10:31
84;108;Акулич;Антон;29;Республика Беларусь; Нет клуба/No club;М 25-29;00:44:42;00:49:26;00:29:11;00:33:12;00:40:34;01:09:11;01:13:13;01:20:42;01:25:27;01:32:42;01:50:24;01:54:28;02:02:02;02:06:48;02:13:50;02:31:37;02:35:41;02:40:42;03:30:08;03:33:31;00:06:16;00:20:33;00:30:27;00:40:58;00:48:21;00:54:38;01:08:48;01:19:04;01:29:38;01:37:09;05:10:39
85;107;Savostianova;Ksenia;44;Россия; Нет клуба/No club;Ж 40-49;00:44:54;00:49:29;00:28:13;00:32:17;00:39:43;01:08:16;01:12:27;01:20:16;01:24:57;01:31:52;01:49:11;01:53:18;02:00:59;02:05:40;02:12:29;02:30:01;02:34:22;02:39:24;03:28:53;03:31:23;00:06:24;00:20:34;00:30:40;0:41:18;00:48:45;00:55:16;01:09:40;01:20:12;01:31:35;01:39:39;05:11:01
86;219;Самарина;Олеся;41;Россия;;Ж 40-49;00:42:16;00:44:45;00:28:09;00:32:07;00:39:21;01:07:22;01:11:12;01:18:19;01:23:03;01:29:50;01:46:43;01:50:30;01:57:50;02:02:31;02:09:19;02:26:40;02:30:38;02:35:15;03:20:00;03:22:26;00:06:39;00:21:15;00:32:00;00:43:29;00:51:48;00:58:50;01:14:45;01:27:01;01:40:04;01:48:39;05:11:06
87;212;Самарин;Андрей;46;Россия;;М 45-49;00:42:27;00:44:52;00:27:39;00:31:36;00:38:23;01:05:56;01:09:56;01:16:50;01:21:23;01:28:18;01:45:29;01:49:22;01:56:40;02:01:12;02:07:51;02:24:38;02:28:32;02:33:07;03:17:58;03:20:06;00:11:42;00:26:56;00:37:49;00:49:03;00:56:48;01:03:25;01:18:14;01:29:20;01:42:25;01:51:00;05:11:06
88;238;Шапенко;Владимир;52;Россия;;М 50-54;00:35:18;00:37:30;00:29:10;00:33:13;00:40:40;01:10:10;01:14:09;01:21:45;01:26:43;01:34:03;01:52:25;01:56:35;02:04:32;02:09:29;02:16:28;02:35:12;02:39:30;02:45:01;03:22:31;03:24:40;00:06:35;00:21:29;00:32:15;00:44:09;00:52:23;00:59:25;01:15:13;01:26:43;01:38:48;01:47:17;05:11:57
89;210;Minenko;Aleksandr;40;Россия;;М 40-44;00:36:41;00:40:05;00:28:44;00:32:49;00:40:05;01:08:47;01:12:49;01:20:12;01:24:55;01:32:01;01:50:03;01:54:04;02:01:39;02:06:33;02:13:41;02:32:05;02:36:20;02:41:28;03:21:32;03:24:11;00:06:48;00:22:22;00:33:34;00:45:22;00:53:30;01:00:27;01:16:02;01:27:23;01:39:30;01:48:18;05:12:29
90;123;Шубина;Виктория;49;Россия;World Class;Ж 40-49;00:36:51;00:39:14;00:29:08;00:33:19;00:40:49;01:10:51;01:14:57;01:22:41;01:27:34;01:34:46;01:53:12;01:57:19;02:04:54;02:09:48;02:17:04;02:35:22;02:39:39;02:44:41;03:23:55;03:27:11;00:06:44;00:21:39;00:32:29;0:44:0;00:52:03;00:58:56;01:14:27;01:25:57;01:37:44;01:45:56;05:13:07
91;124;Довыденко;Ирина;47;Россия;TRIM;Ж 40-49;00:37:27;00:40:47;00:30:18;00:34:41;00:42:23;01:12:26;01:16:52;01:24:44;01:29:43;01:37:02;01:55:29;01:59:45;02:07:27;02:12:24;02:19:29;2:37:35;02:41:47;02:46:47;03:27:33;03:29:32;00:06:28;00:21:03;00:31:28;00:43:45;00:51:28;00:57:57;01:13:16;01:24:04;01:35:40;01:43:36;05:13:09
92;66;Грицкевич;Илья;33;Республика Беларусь;Tristyle;М 30-34;00:37:30;00:39:35;00:28:55;00:32:47;00:39:54;01:08:03;01:11:54;01:19:03;01:23:46;01:30:41;01:48:06;01:52:13;01:59:30;02:04:17;02:11:15;02:29:11;02:33:15;02:38:05;03:17:40;03:20:09;00:06:19;00:21:34;00:33:16;0:45:49;00:54:35;01:02:15;01:19:22;01:32:08;01:44:24;01:53:07;05:13:16
93;162;бань;александр;36;Россия; Нет клуба/No club;М 35-39;00:42:42;00:45:21;00:29:00;00:33:13;00:40:18;01:09:15;01:13:34;01:20:45;01:25:26;01:32:18;01:49:47;01:54:13;02:01:43;02:06:34;02:13:49;02:31:39;02:35:55;02:41:11;03:26:32;03:28:26;00:05:52;00:18:59;00:29:12;00:40:37;00:48:41;00:55:52;01:12:11;01:24:07;01:36:32;01:44:54;05:13:20
94;40;Стародуб;Евгений;23;Республика Беларусь; Нет клуба/No club;М 18-24;00:37:48;00:41:38;00:31:03;00:35:30;00:43:16;01:13:48;01:18:05;01:25:49;01:30:51;01:38:19;01:56:45;02:01:00;02:09:02;02:13:59;02:21:33;2:40:16;02:44:36;02:49:54;03:31:32;03:33:22;00:06:00;00:20:30;00:30:54;0:42:0;00:49:46;00:56:22;01:10:53;01:21:46;01:32:35;01:39:59;05:13:21
95;46;Дашкевич;Павел;24;Республика Беларусь; Нет клуба/No club;М 18-24;00:40:56;00:43:25;00:29:38;00:33:51;00:41:14;01:11:17;01:15:13;01:22:44;01:27:38;01:34:58;01:52:45;01:56:52;02:04:36;02:09:15;02:16:22;02:34:29;02:38:44;02:44:01;03:27:26;03:29:23;00:06:34;00:22:04;00:33:26;00:45:18;00:53:19;01:00:00;01:15:06;01:25:54;01:37:13;01:44:25;05:13:48
96;133;Мачук;Кирилл;29;Республика Беларусь;Tristyle;М 25-29;00:38:56;00:43:12;00:27:54;00:31:50;00:38:50;01:06:49;01:10:35;01:17:37;01:22:10;01:28:49;01:46:09;01:50:04;01:57:35;02:02:05;02:08:48;02:26:09;02:30:05;02:34:58;03:18:10;03:21:35;00:06:41;00:23:52;00:35:21;00:47:11;00:55:18;01:01:59;01:19:49;01:30:50;01:42:57;01:52:19;05:13:54
97;231;Лазуткин;Андрей;40;Россия;;М 40-44;00:37:15;00:43:11;00:27:14;00:31:08;00:38:09;01:05:41;01:09:38;01:16:55;01:21:35;01:28:16;01:45:25;01:49:32;01:57:01;02:01:39;02:08:31;02:26:05;02:30:16;02:35:18;03:18:29;03:21:25;00:06:32;00:21:42;00:32:45;0:45:1;00:53:35;01:00:46;01:17:36;01:30:05;01:43:13;01:52:33;05:13:58
98;73;Александренко;Антон;38;Россия; Нет клуба/No club;М 35-39;00:46:16;00:50:30;00:29:14;00:33:18;00:40:36;01:10:07;01:14:13;01:21:47;01:26:36;01:33:50;01:52:06;01:56:22;02:04:04;02:09:05;02:16:16;2:34:24;02:38:36;02:43:32;03:34:02;03:36:36;00:06:13;00:20:14;00:30:21;00:40:59;00:48:23;00:54:45;01:08:57;01:19:18;01:29:59;01:37:32;05:14:08
99;97;Оденцов;Сергей;47;Россия; Нет клуба/No club;М 45-49;00:45:59;00:49:22;00:28:34;00:32:32;00:39:45;01:07:49;01:11:47;01:19:15;01:24:01;01:30:53;01:48:33;01:52:36;02:00:06;02:04:52;02:11:50;02:29:48;02:33:56;02:39:09;03:28:31;03:31:20;00:06:27;00:20:59;00:31:26;00:42:28;00:50:12;00:56:52;01:11:45;01:22:37;01:34:29;01:42:55;05:14:16
100;146;Гелохов;Виктор;21;Республика Беларусь;Tristyle;М 18-24;00:42:19;00:45:13;00:25:49;00:29:32;00:36:06;01:02:39;01:06:22;01:13:10;01:17:35;01:24:08;01:40:18;01:44:04;01:50:56;01:55:27;02:02:05;02:18:58;02:23:04;02:28:00;03:13:13;03:15:55;00:06:19;00:21:03;00:32:04;00:45:52;00:56:19;01:03:27;01:21:01;01:34:06;01:48:58;01:58:39;05:14:34
101;130;Власик;Елена;35;Республика Беларусь;Tristyle;Ж 30-39;00:39:19;00:42:55;00:29:27;00:33:45;00:41:21;01:11:15;01:15:29;01:23:09;01:28:02;01:35:18;01:53:55;01:58:05;02:05:39;02:10:30;02:17:54;02:36:32;02:40:54;02:45:54;03:28:49;03:30:37;00:06:47;00:21:16;00:31:22;00:42:31;00:50:33;00:57:23;01:12:32;01:23:40;01:35:37;01:44:03;05:14:40
102;49;Автушко;Сергей;41;Республика Беларусь; Нет клуба/No club;М 40-44;00:43:20;00:45:46;00:29:20;00:33:19;00:40:35;01:09:20;01:13:21;01:20:39;01:25:18;01:32:15;01:49:33;01:53:40;02:01:24;02:06:12;02:13:12;02:30:31;02:34:36;02:39:43;03:25:29;03:27:56;00:06:44;00:22:04;00:32:46;00:44:19;00:52:23;00:59:25;01:15:12;01:26:37;01:38:38;01:47:15;05:15:11
103;60;Шмерко;Андрей;36;Республика Беларусь;Tristyle;М 35-39;00:34:06;00:36:35;00:30:53;00:34:57;00:42:33;01:12:54;01:17:03;01:24:38;01:29:34;01:37:00;01:55:58;02:00:05;02:07:57;02:13:05;02:20:56;02:40:04;02:44:23;02:49:33;03:26:08;03:29:18;00:06:50;00:22:01;00:33:12;0:44:39;00:52:39;00:59:24;01:14:36;01:25:54;01:38:10;01:46:23;05:15:41
104;202;Науменко;Михаил;39;Россия;;М 35-39;00:42:46;00:46:41;00:29:52;00:34:02;00:41:22;01:10:12;01:14:12;01:21:32;01:26:21;01:33:25;01:50:55;01:55:01;02:02:35;02:07:25;02:14:29;02:32:35;02:36:42;02:41:42;03:28:23;03:30:47;00:06:18;00:20:58;00:31:42;00:43:05;00:51:17;00:58:20;01:14:14;01:25:33;01:37:11;01:45:23;05:16:10
105;116;Псхациев;Юрий;46;Россия; Нет клуба/No club;М 45-49;00:41:28;00:44:57;00:28:00;00:32:09;00:39:13;01:07:51;01:11:53;01:19:18;01:24:02;01:31:08;01:48:55;01:53:12;02:01:03;02:06:05;02:13:25;02:31:58;02:36:17;02:41:28;03:26:25;03:29:21;00:06:41;00:21:29;00:32:24;00:43:52;00:51:54;00:58:58;01:14:45;01:26:10;01:38:11;01:46:50;05:16:10
106;205;Куттанен;Алексей;52;Россия;;М 50-54;00:42:38;00:47:11;00:27:34;00:31:38;00:38:47;01:06:49;01:10:53;01:18:08;01:22:47;01:29:52;01:47:14;01:51:12;01:58:32;02:03:16;02:10:17;02:27:54;02:32:05;02:37:05;03:24:16;03:27:25;00:07:43;00:22:24;00:33:06;00:44:59;00:52:52;00:59:58;01:15:32;01:27:01;01:40:08;01:49:17;05:16:41
107;84;Кубасов;Виталий;45;Россия;CityLink Triathlon Team;М 45-49;00:43:13;00:47:46;00:28:16;00:32:23;00:39:43;01:08:54;01:13:06;01:20:33;01:25:19;01:32:32;01:50:12;01:54:19;02:01:40;02:06:23;02:13:19;02:31:08;02:35:26;02:40:31;03:28:17;03:31:15;00:06:50;00:21:50;00:32:38;00:43:53;00:51:51;00:58:46;01:14:17;01:25:37;01:37:27;01:45:38;05:16:53
108;147;Заяц;Алексей;42;Республика Беларусь; Нет клуба/No club;М 40-44;00:46:43;00:50:45;00:29:17;00:33:18;00:40:11;01:08:19;01:12:22;01:19:42;01:24:19;01:31:17;01:48:22;01:52:25;01:59:48;02:04:22;02:11:03;02:28:35;02:32:46;02:37:41;03:28:26;03:31:00;00:06:27;00:21:32;00:32:20;00:43:51;00:51:51;00:58:53;01:15:00;01:26:09;01:38:18;01:47:07;05:18:07
109;264;ЕРМИЛОВ;ЕВГЕНИЙ;43;Россия;;М 40-44;00:41:51;00:45:55;00:32:16;00:36:45;00:44:23;01:14:42;01:19:05;01:26:48;01:31:47;01:38:52;01:57:13;02:01:36;02:09:25;02:14:29;02:21:46;2:40:30;02:44:51;02:49:55;03:35:50;03:39:14;00:06:35;00:21:14;00:31:48;00:42:41;00:50:07;00:56:21;01:10:26;01:20:39;01:31:28;01:38:57;05:18:11
110;30;Доманников;Дмитрий;43;Республика Беларусь; Нет клуба/No club;М 40-44;00:36:39;00:40:11;00:30:14;00:34:27;00:42:04;01:12:13;01:16:34;01:24:38;01:29:49;01:37:33;01:57:13;02:01:37;02:09:47;02:15:20;02:23:31;2:44:42;02:49:36;02:55:11;03:35:22;03:37:46;00:05:48;0:19:48;00:29:57;00:40:46;00:48:34;00:55:04;01:10:04;01:20:56;01:32:34;01:40:41;05:18:28
111;172;Державец;Александр;41;Республика Беларусь; Нет клуба/No club;М 40-44;00:39:05;00:44:09;00:28:18;00:32:15;00:39:17;01:07:39;01:11:35;01:18:51;01:23:21;01:30:12;01:47:36;01:51:37;01:59:01;02:03:42;02:10:44;02:28:28;02:32:32;02:37:18;03:21:27;03:23:54;00:07:01;00:23:20;00:34:56;00:48:24;00:57:17;01:04:49;01:21:42;01:34:00;01:46:32;01:54:55;05:18:49
112;213;Григорьева;Алёна;41;Россия;;Ж 40-49;00:37:18;00:39:12;00:30:46;00:35:12;00:42:50;01:13:10;01:17:26;01:25:05;01:29:59;01:37:20;01:55:43;02:00:01;02:07:43;02:12:49;02:20:22;02:39:19;02:43:43;02:48:58;03:28:10;03:30:20;00:06:55;00:22:42;00:34:08;00:45:59;00:54:17;01:01:12;01:17:00;01:28:44;01:40:22;01:48:29;05:18:49
113;254;Помазёнков;Дмитрий;40;Россия;;М 40-44;00:42:48;00:46:10;00:28:45;00:32:54;00:40:08;01:09:25;01:13:36;01:21:12;01:25:59;01:33:02;01:51:00;01:55:11;02:02:52;02:07:43;02:14:59;02:33:49;02:38:01;02:42:59;03:29:09;03:31:16;00:06:53;00:21:49;00:32:51;00:44:07;00:51:56;00:58:53;01:15:07;01:27:14;01:39:56;01:48:55;05:20:10
114;61;Хорьков;Даниил;45;Россия; Нет клуба/No club;М 45-49;00:34:18;00:37:06;00:30:32;00:34:56;00:42:38;01:13:44;01:18:02;01:25:46;01:30:30;01:39:43;01:57:34;02:01:57;02:09:25;02:14:24;02:21:52;02:40:08;02:44:33;02:49:43;03:26:49;03:29:24;00:06:58;00:22:18;00:33:44;00:46:03;00:54:33;01:01:55;01:18:22;01:30:22;01:42:52;01:51:19;05:20:42
115;118;Щербенок;Игорь;35;Республика Беларусь; Нет клуба/No club;М 35-39;00:37:23;00:39:40;00:30:07;00:34:20;00:42:03;01:13:31;01:17:44;01:25:49;01:30:59;01:38:37;01:58:17;02:02:31;02:10:21;02:15:21;02:23:05;2:42:21;02:46:49;02:52:08;03:31:47;03:33:25;00:06:46;00:22:11;00:33:03;00:44:40;00:52:50;00:59:50;01:15:45;01:27:04;01:39:21;01:47:26;05:20:51
116;113;Васильев;Борис;46;Россия; Нет клуба/No club;М 45-49;00:43:13;00:50:29;00:31:51;00:36:14;00:43:58;01:14:43;01:18:54;01:26:46;01:31:37;01:38:44;01:57:36;02:01:51;02:09:52;02:14:52;02:23:43;2:42:51;02:47:17;02:52:41;03:43:10;03:46:30;00:06:12;00:20:09;00:29:58;0:40:22;00:47:39;00:53:39;01:07:12;01:17:08;01:27:15;01:34:31;05:21:01
117;26;Дубковский;Александр;46;Республика Беларусь; Нет клуба/No club;М 45-49;00:42:15;00:47:14;00:29:53;00:33:56;00:41:22;01:10:59;01:14:55;01:22:35;01:27:30;01:34:42;01:53:28;01:57:34;02:05:35;02:10:41;02:18:04;2:36:18;02:40:32;02:45:35;03:32:49;03:34:53;00:06:22;00:21:24;00:32:11;00:43:37;00:51:46;00:58:35;01:14:41;01:26:38;01:38:28;01:46:38;05:21:32
118;37;Вашкевич;Владимир;40;Республика Беларусь; Нет клуба/No club;М 40-44;00:34:46;00:37:14;00:30:53;00:35:04;00:42:40;01:12:20;01:16:26;01:24:09;01:29:07;01:36:15;01:54:48;01:58:58;02:06:50;02:11:58;02:19:18;02:38:23;02:42:39;02:47:45;03:24:58;03:27:18;00:07:03;00:23:13;00:35:02;0:47:6;00:55:33;01:02:49;01:19:30;01:31:42;01:45:02;01:54:33;05:21:51
119;56;Храмов;Виталий;55;Республика Беларусь; Нет клуба/No club;М 55-59;00:32:15;00:35:35;00:30:21;00:34:35;00:42:16;01:12:31;01:16:40;01:24:51;01:29:49;01:37:16;01:56:20;02:00:35;02:08:36;02:13:40;02:21:10;02:40:38;02:45:01;02:50:32;03:26:07;03:26:07;00:09:35;00:25:22;00:37:17;00:49:54;00:58:42;01:06:08;01:22:46;01:34:41;01:47:27;01:56:09;05:22:16
120;163;Куделко;Катерина;40;Республика Беларусь; Нет клуба/No club;Ж 40-49;00:45:22;00:49:42;00:31:12;00:35:43;00:43:24;01:14:28;01:18:43;01:26:44;01:31:54;01:39:32;01:59:09;02:03:32;02:11:39;02:16:51;02:24:36;2:44:59;02:49:42;02:55:22;03:45:04;03:47:28;00:05:55;00:19:32;00:29:19;00:40:02;00:47:22;00:53:33;01:07:23;01:17:16;01:27:44;01:34:54;05:22:22
121;148;Степанов;Андрей;43;Россия; Нет клуба/No club;М 40-44;00:30:24;00:33:17;00:32:42;00:37:04;00:44:40;01:14:57;01:19:08;01:27:12;01:32:11;01:39:28;01:58:19;02:02:40;02:10:33;02:15:38;02:23:02;02:41:49;02:46:22;02:51:48;03:25:05;03:27:19;00:06:51;00:24:12;00:35:34;00:47:37;00:56:06;01:04:39;01:20:58;01:33:38;01:46:19;01:55:07;05:22:26
122;198;Zdor;Pavel;38;Россия;;М 35-39;00:40:50;00:43:42;00:32:26;00:37:09;00:45:23;01:17:09;01:21:42;01:29:56;01:35:04;01:42:54;02:02:09;02:06:51;02:15:23;02:20:38;02:28:26;2:48:29;02:53:08;02:58:53;03:42:35;03:45:46;00:06:06;00:20:41;00:30:41;00:41:14;00:48:25;00:54:35;01:08:28;01:19:22;01:29:46;01:37:06;05:22:52
123;64;Горбаконь;Дмитрий;40;Россия; Нет клуба/No club;М 40-44;00:38:30;00:41:04;00:29:41;00:34:02;00:41:33;01:12:23;01:16:47;01:24:39;01:29:41;01:37:15;01:56:04;02:00:27;02:08:11;02:13:10;02:20:42;02:39:28;02:43:58;02:49:10;03:30:14;03:31:55;00:06:38;00:22:19;00:33:39;00:45:36;00:53:50;01:00:59;01:17:24;01:29:30;01:42:14;01:51:02;05:22:58
124;132;Buzuk;Ilya;33;Республика Беларусь;Tristyle;М 30-34;00:40:08;00:42:13;00:28:44;00:32:43;00:39:59;01:10:06;01:14:11;01:21:49;01:26:40;01:33:53;01:52:27;01:56:31;02:04:19;02:09:15;02:16:41;02:35:27;02:39:49;02:45:05;03:27:18;03:29:39;00:06:52;00:22:56;00:34:39;00:47:03;00:55:38;01:03:17;01:20:04;01:31:58;01:44:54;01:53:20;05:22:59
125;233;Сеньков;Алексей;46;Россия;;М 45-49;00:42:35;00:47:36;00:29:38;00:33:44;00:41:23;01:11:36;01:15:47;01:23:44;01:28:51;01:37:28;01:56:03;02:00:18;02:08:18;02:13:17;02:20:47;2:39:35;02:43:56;02:49:06;03:36:42;03:41:32;00:06:33;00:21:42;00:32:12;00:43:04;00:50:50;00:57:28;01:12:39;01:23:30;01:34:21;01:41:37;05:23:09
126;94;Медведев;Кирилл;37;Республика Беларусь; Нет клуба/No club;М 35-39;00:44:58;00:48:52;00:29:31;00:33:38;00:40:50;01:09:53;01:14:01;01:21:36;01:26:33;01:33:44;01:51:58;01:56:12;02:04:08;02:09:07;02:16:23;2:35:7;02:39:27;02:44:44;03:33:36;03:35:36;00:06:43;00:21:53;00:33:00;00:44:45;00:52:52;00:59:57;01:15:45;01:27:08;01:39:19;01:47:38;05:23:14
127;24;Горбунов;Дмитрий;36;Республика Беларусь; Нет клуба/No club;М 35-39;00:43:15;00:48:00;00:29:31;00:33:36;00:40:55;01:09:51;01:13:56;01:21:38;01:26:36;01:33:38;01:51:35;01:55:42;02:03:29;02:08:20;02:15:31;2:34:4;02:38:22;02:43:44;03:31:44;03:34:53;00:06:35;00:21:46;00:32:23;0:43:54;00:51:58;00:59:00;01:15:20;01:27:19;01:40:10;01:48:39;05:23:31
128;191;Афанасьев;Александр;51;Россия;;М 50-54;00:38:35;00:43:58;00:30:42;00:34:57;00:42:44;01:13:00;01:17:10;01:24:44;01:29:43;01:36:40;01:54:59;01:59:12;02:07:23;02:12:34;02:20:10;2:39:7;02:43:30;02:48:45;03:32:43;03:36:05;00:06:19;00:20:56;00:31:28;00:43:16;00:51:24;00:58:28;01:14:43;01:26:16;01:38:51;01:47:27;05:23:32
129;161;Коблова;Татьяна;48;Россия; Нет клуба/No club;Ж 40-49;00:39:47;00:41:34;00:29:21;00:33:31;00:40:55;01:10:30;01:14:33;01:22:19;01:27:16;01:34:36;01:53:37;01:57:56;02:06:00;02:11:13;02:18:39;02:38:01;02:42:28;02:47:47;03:29:22;03:31:14;00:07:03;00:23:01;00:34:38;00:46:56;00:55:30;01:02:50;01:19:27;01:31:19;01:43:44;01:52:27;05:23:41
130;63;Воробей;Дмитрий;38;Республика Беларусь; Нет клуба/No club;М 35-39;00:40:34;00:44:42;00:30:02;00:34:12;00:41:36;01:11:15;01:15:16;01:22:50;01:27:46;01:34:59;01:52:59;01:57:05;02:04:44;02:09:35;02:16:43;2:35:28;02:39:49;02:45:03;03:29:44;03:32:34;00:06:40;00:21:28;00:32:25;00:45:36;00:54:01;01:01:11;01:18:08;01:30:46;01:43:54;01:52:24;05:24:58
131;159;Автушко;Михаил;34;Республика Беларусь;Аист;М 30-34;00:37:46;00:40:53;00:28:39;00:32:44;00:39:57;01:09:05;01:13:02;01:20:24;01:25:22;01:32:18;01:50:13;01:54:18;02:01:42;02:06:32;02:13:39;02:31:12;02:35:23;02:40:20;03:21:13;03:23:39;00:06:53;00:22:42;00:34:00;00:46:58;00:55:46;01:03:01;01:21:41;01:34:58;01:52:18;02:02:30;05:26:09
132;253;Зайцева;Наталья;44;Россия;;Ж 40-49;00:40:04;00:42:46;00:31:58;00:36:33;00:44:51;01:17:07;01:21:33;01:29:49;01:35:13;01:43:05;02:02:31;02:06:54;02:15:04;02:20:11;02:27:48;2:47:8;02:51:37;02:56:49;03:39:35;03:41:28;00:06:42;00:21:58;00:32:49;00:44:22;00:52:22;00:59:10;01:14:32;01:25:28;01:36:56;01:44:43;05:26:11
133;174;Соловьева;Оксана;24;Республика Беларусь; Нет клуба/No club;Ж 18-29;00:45:33;00:51:07;00:28:04;00:31:53;00:38:50;01:06:38;01:10:31;01:17:42;01:22:21;01:29:17;01:46:34;01:50:30;01:58:00;02:02:55;02:10:01;2:28:13;02:32:26;02:37:28;03:28:35;03:31:06;00:06:51;00:23:09;00:35:24;00:48:25;00:57:32;01:05:19;01:22:42;01:35:20;01:48:20;01:57:36;05:28:42
134;142;Астапкович;Алексей;47;Республика Беларусь;Tristyle;М 45-49;00:37:11;00:42:25;00:28:02;00:31:58;00:39:01;01:08:03;01:12:04;01:19:37;01:24:35;01:31:57;01:50:32;01:54:47;02:03:01;02:08:24;02:16:02;02:35:13;02:39:36;02:45:08;03:27:33;03:30:09;00:07:28;00:25:24;00:36:50;0:48:56;00:57:23;01:04:50;01:22:22;01:35:56;01:49:44;01:58:36;05:28:45
135;240;Новиков;Андрей;35;Россия;;М 35-39;00:41:37;00:47:19;00:32:10;00:36:30;00:44:21;01:15:03;01:19:17;01:27:23;01:32:28;01:40:03;01:58:46;02:03:07;02:11:23;02:16:14;02:23:37;2:43:8;02:47:39;02:53:14;03:40:33;03:43:02;00:06:20;00:21:41;00:32:58;0:44:48;00:53:05;01:00:12;01:15:45;01:27:07;01:38:42;01:46:30;05:29:32
136;232;Sterlikov;Sergei;61;Россия;;М 60-69;00:42:58;00:47:52;00:29:05;00:33:08;00:40:33;01:09:38;01:13:49;01:21:36;01:26:18;01:33:16;01:51:05;01:55:18;02:03:01;02:07:44;02:14:42;2:32:41;02:36:51;02:41:53;03:29:45;03:33:03;00:06:54;00:22:14;00:33:24;00:45:28;00:53:39;01:00:44;01:16:44;01:28:21;01:47:39;01:56:34;05:29:37
137;156;Tryfanov;Ivan;35;Россия;ENDURANCE HUNTERS;М 35-39;00:42:33;00:46:02;00:30:22;00:34:33;00:42:10;01:11:58;01:16:03;01:23:44;01:28:48;01:36:11;01:54:11;01:58:17;02:06:07;02:11:08;02:18:12;2:36:41;02:40:58;02:46:12;03:32:14;03:35:15;00:06:24;00:21:34;00:32:37;00:45:05;00:54:38;01:01:42;01:20:23;01:32:38;01:45:51;01:54:49;05:30:04
138;220;Галкин;Сергей;37;Россия;;М 35-39;00:44:31;00:47:21;00:30:41;00:34:59;00:42:30;01:13:06;01:17:23;01:25:21;01:30:31;01:38:00;01:57:23;02:01:49;02:10:00;02:15:15;02:22:55;2:42:12;02:46:40;02:52:00;03:39:21;03:42:25;00:06:13;0:21:7;00:31:56;00:43:48;00:51:54;00:58:46;01:14:50;01:26:54;01:39:23;01:47:41;05:30:06
139;192;Гераськин;Илья;41;Россия;;М 40-44;00:38:44;00:42:36;00:31:43;00:36:14;00:44:01;01:15:54;01:20:17;01:28:15;01:33:26;01:41:13;02:01:12;02:05:44;02:14:15;02:19:41;02:27:51;2:48:44;02:53:34;02:59:20;03:41:57;03:44:52;00:08:26;00:22:36;00:32:57;00:43:50;00:51:36;00:58:26;01:13:52;01:25:09;01:37:07;01:45:15;05:30:07
140;225;Каштанова;Анна;46;Россия;;Ж 40-49;00:43:02;00:45:58;00:32:15;00:36:47;00:44:39;01:16:39;01:21:07;01:29:04;01:34:09;01:42:01;02:01:36;02:06:12;02:14:30;02:19:47;02:27:19;2:47:38;02:52:21;02:57:50;03:43:48;03:45:42;00:06:42;00:21:53;00:32:45;0:44:11;00:52:11;00:58:59;01:14:25;01:25:41;01:37:20;01:45:27;05:31:09
141;244;Мошкина;Вера;41;Россия;;Ж 40-49;00:40:50;00:44:57;00:31:02;00:35:27;00:43:08;01:14:03;01:18:26;01:26:34;01:31:39;01:39:16;01:58:04;02:02:36;02:10:46;02:15:50;02:23:30;2:43:30;02:48:08;02:53:37;03:38:34;03:40:58;00:06:57;00:22:30;00:33:51;0:45:43;00:54:01;01:01:21;01:17:41;01:29:39;01:42:04;01:50:39;05:31:37
142;245;Мошкин;Алексей;38;Россия;;М 35-39;00:40:34;00:44:07;00:31:50;00:36:15;00:43:55;01:14:52;01:19:13;01:27:22;01:32:29;01:40:03;01:58:52;02:03:22;02:11:34;02:16:38;02:24:14;2:44:20;02:48:59;02:54:17;03:38:24;03:40:55;00:07:00;00:22:33;00:33:54;0:45:46;00:54:04;01:01:25;01:17:43;01:29:41;01:42:06;01:50:42;05:31:38
143;51;Pletenev;Ilya;41;Республика Беларусь; Нет клуба/No club;М 40-44;00:41:42;00:45:12;00:31:05;00:35:35;00:43:35;01:15:35;01:19:57;01:28:11;01:33:24;01:41:20;02:00:45;02:05:20;02:13:25;02:18:32;02:26:11;2:46:22;02:51:03;02:56:32;03:41:44;03:44:22;00:07:28;00:22:45;00:33:32;0:45:12;00:53:21;01:00:35;01:16:27;01:27:54;01:39:38;01:47:29;05:31:51
144;168;Orehov;Vsevolod;40;Республика Беларусь; Нет клуба/No club;М 40-44;00:36:23;00:38:58;00:32:02;00:36:27;00:44:21;01:15:42;01:19:55;01:27:43;01:32:53;01:40:34;01:59:30;02:03:51;02:11:58;02:17:10;02:24:43;2:45:1;02:49:43;02:55:13;03:34:12;03:36:48;00:07:57;00:23:03;00:34:12;0:46:13;00:54:38;01:02:12;01:19:47;01:32:51;01:46:28;01:55:36;05:32:24
145;214;Бурыкин;Алексей;48;Россия;;М 45-49;00:40:07;00:42:52;00:31:21;00:35:47;00:43:41;01:14:06;01:18:17;01:26:18;01:31:24;01:38:49;01:57:53;02:02:16;02:10:28;02:15:44;02:23:22;2:42:53;02:47:25;02:52:28;03:35:21;03:38:50;00:06:36;00:21:52;00:33:13;0:46:36;00:55:57;01:03:10;01:19:27;01:31:24;01:44:17;01:53:43;05:32:34
146;33;Ushkov;Aleksei;20;Республика Беларусь; Нет клуба/No club;М 18-24;00:31:19;00:32:55;00:30:43;00:34:59;00:42:19;01:12:56;01:16:57;01:24:53;01:29:56;01:37:30;01:56:42;02:01:02;02:09:29;02:14:56;02:23:04;02:44:02;02:48:38;02:54:14;03:27:10;03:28:52;00:06:31;00:22:41;00:34:33;0:48:0;00:57:24;01:05:21;01:24:20;01:38:27;01:53:31;02:03:50;05:32:42
147;93;Камчатный;Владимир;52;Республика Беларусь; Нет клуба/No club;М 50-54;00:39:16;00:42:33;00:26:47;00:30:48;00:37:46;01:05:02;01:08:53;01:16:12;01:21:00;01:27:55;01:45:22;01:49:20;01:56:58;02:01:50;02:08:55;02:26:44;02:30:52;02:35:36;03:18:09;03:21:51;00:06:56;00:23:23;00:35:19;00:48:23;00:57:55;01:10:46;01:29:14;01:45:33;02:00:23;02:11:06;05:32:57
148;167;Кудрявцева;Любовь;33;Россия; Нет клуба/No club;Ж 30-39;00:38:22;00:40:58;00:31:35;00:36:02;00:44:09;01:16:31;01:20:59;01:29:26;01:34:46;01:42:27;02:01:55;02:06:24;02:14:49;02:20:11;02:27:53;2:47:34;02:52:08;02:57:43;03:38:41;03:40:46;00:07:12;0:23:17;00:34:58;00:47:22;00:55:55;01:03:14;01:20:09;01:32:00;01:44:32;01:53:11;05:33:57
149;53;Матус;Игорь;37;Республика Беларусь; Нет клуба/No club;М 35-39;00:44:35;00:47:36;00:30:32;00:34:48;00:42:17;01:12:42;01:16:58;01:24:49;01:29:52;01:37:19;01:55:09;01:59:24;02:07:17;02:12:14;02:19:33;2:38:21;02:42:42;02:47:47;03:35:23;03:37:34;00:08:44;00:25:15;00:37:09;0:49:45;00:58:33;01:06:08;01:23:32;01:35:51;01:48:50;01:57:53;05:35:26
150;112;Юрков;Юрий;38;Республика Беларусь;Tristyle;М 35-39;00:41:04;00:44:02;00:30:17;00:34:40;00:42:13;01:12:17;01:16:32;01:24:17;01:29:19;01:36:44;01:55:02;01:59:18;02:07:08;02:12:09;02:19:29;2:38:45;02:43:13;02:48:32;03:32:34;03:34:40;00:07:08;00:23:43;00:35:55;00:49:02;00:58:03;01:05:52;01:23:55;01:37:14;01:51:51;02:01:27;05:36:07
151;128;Хрипунов;Сергей;32;Россия; Нет клуба/No club;М 30-34;00:40:56;00:45:07;00:30:12;00:34:46;00:42:15;01:14:14;01:18:28;01:26:14;01:31:10;01:38:42;01:58:28;02:03:10;02:11:17;02:16:19;02:24:13;2:45:14;02:50:06;02:55:39;03:40:46;03:43:41;00:06:46;00:21:47;00:32:46;00:46:22;00:55:20;01:02:32;01:18:01;01:30:10;01:43:48;01:53:15;05:36:56
152;149;Нестерович;Николай;39;Республика Беларусь;Tristyle;М 35-39;00:37:14;00:39:48;00:30:50;00:35:00;00:42:26;01:12:26;01:16:35;01:24:08;01:28:52;01:35:57;01:54:26;01:58:35;02:06:26;02:11:35;02:19:15;02:38:50;02:43:13;02:48:57;03:28:45;03:31:50;00:08:37;0:26:9;00:38:52;00:52:45;01:02:00;01:09:40;01:27:39;01:40:46;01:55:06;02:05:23;05:37:14
153;92;Петрухин;Александр;40;Россия; Нет клуба/No club;М 40-44;00:37:53;00:43:01;00:30:48;00:35:19;00:43:01;01:13:54;01:18:05;01:25:42;01:30:45;01:38:11;01:56:47;02:01:07;02:08:57;02:13:59;02:21:23;2:40:16;02:44:38;02:49:57;03:32:58;03:35:49;00:07:14;00:24:30;00:37:17;00:50:55;1:0:13;01:08:14;01:26:34;01:39:47;01:53:02;02:02:09;05:37:58
154;185;Бычков;Андрей;53;Россия;;М 50-54;00:39:59;00:43:17;00:28:27;00:32:29;00:39:35;01:08:21;01:12:26;01:19:48;01:24:39;01:31:51;01:50:00;01:54:21;02:01:51;02:06:39;02:13:45;02:31:34;02:35:41;02:40:27;03:23:44;03:26:43;00:07:25;00:24:39;00:37:27;0:51:20;01:01:03;01:09:34;01:29:14;01:44:12;02:00:29;02:11:40;05:38:23
155;182;Косяченко;Артём;39;Россия;;М 35-39;00:46:41;00:51:49;00:32:50;00:37:05;00:44:49;01:15:21;01:19:36;01:27:26;01:32:26;01:39:55;01:58:52;02:03:15;02:11:19;02:16:21;02:23:51;2:43:46;02:48:23;02:54:08;03:45:57;03:52:06;00:06:21;0:21:19;00:32:10;00:43:56;00:51:56;00:58:53;01:14:41;01:26:16;01:38:21;01:46:53;05:38:59
156;166;Шульга;Максим;51;Россия; Нет клуба/No club;М 50-54;00:38:00;00:40:11;00:29:06;00:33:04;00:40:21;01:09:27;01:13:15;01:20:15;01:24:58;01:31:36;01:49:07;01:53:01;02:00:27;02:05:04;02:11:56;02:29:16;02:33:08;02:37:48;03:17:59;03:21:01;00:08:08;00:26:32;00:40:03;00:55:13;01:05:30;01:14:42;01:36:01;01:51:46;02:07:48;02:17:59;05:39:00
157;59;Полякова;Оксана;36;Россия; Нет клуба/No club;Ж 30-39;00:51:23;00:56:28;00:31:53;00:36:14;00:44:14;01:15:41;01:20:04;01:27:51;01:32:51;01:40:18;01:59:34;02:04:14;02:12:27;02:17:35;02:25:21;2:45:21;02:49:59;02:55:33;03:52:01;03:55:12;00:06:38;0:21:29;00:32:15;00:43:54;00:51:58;00:58:48;01:14:02;01:24:47;01:36:04;01:43:53;05:39:05
158;235;Пекарский;Антон;42;Россия;;М 40-44;00:38:57;00:42:53;00:30:17;00:34:33;00:42:13;01:12:42;01:16:56;01:24:46;01:29:59;01:37:29;01:56:24;02:00:43;02:08:43;02:13:45;02:21:12;2:40:22;02:44:49;02:50:17;03:33:10;03:37:01;00:07:20;00:24:22;00:36:53;00:50:27;00:59:48;01:07:52;01:26:17;01:39:35;01:53:05;02:02:14;05:39:15
159;79;Звягин;Юрий;34;Россия; Нет клуба/No club;М 30-34;00:36:50;00:41:18;00:30:02;00:34:19;00:41:58;01:13:26;01:17:42;01:25:46;01:31:00;01:38:53;01:59:03;02:03:31;02:12:15;02:17:48;02:26:22;2:49:7;02:54:23;03:00:31;03:41:50;03:44:59;00:07:28;00:24:56;00:36:41;00:49:33;00:58:30;01:06:10;01:23:14;01:35:20;01:47:55;01:56:10;05:41:08
160;34;Жильников;Эдуард;47;Республика Беларусь; Нет клуба/No club;М 45-49;00:33:08;00:36:23;00:30:49;00:35:11;00:42:58;01:14:25;01:18:46;01:27:10;01:32:29;01:40:17;01:59:54;02:04:15;02:12:33;02:17:42;02:25:21;2:44:59;02:49:32;02:55:02;03:31:25;03:34:00;00:07:11;00:24:49;00:37:35;00:51:10;01:00:45;01:09:14;01:28:19;01:42:18;01:57:06;02:07:18;05:41:18
161;226;Степанов;Александр;39;Россия;;М 35-39;00:46:33;00:53:11;00:30:36;00:34:53;00:42:21;01:11:50;01:15:55;01:23:33;01:28:21;01:35:28;01:53:33;01:57:51;02:05:41;02:10:31;02:17:49;2:36:6;02:40:20;02:45:22;03:38:33;03:42:45;00:07:37;00:25:33;00:37:56;00:51:10;01:00:17;01:07:58;01:25:33;01:37:58;01:51:00;01:58:59;05:41:44
162;71;Васильев;Сергей;29;Россия; Нет клуба/No club;М 25-29;00:47:45;00:54:59;00:31:39;00:36:14;00:44:17;01:16:47;01:21:15;01:29:19;01:34:39;01:42:56;02:02:49;02:07:17;02:15:33;02:21:05;02:30:51;2:50:54;02:55:33;03:01:04;03:56:03;03:59:16;00:06:24;00:21:19;00:31:56;00:43:19;00:51:14;00:57:52;01:12:57;01:23:25;01:35:00;01:42:32;05:41:48
163;134;Новоселов;Антон;39;Россия; Нет клуба/No club;М 35-39;00:39:02;00:44:23;00:29:54;00:33:59;00:41:27;01:12:09;01:16:28;01:24:31;01:29:49;01:37:21;01:55:52;01:59:59;02:07:53;02:12:51;02:20:04;2:38:52;02:43:13;02:48:25;03:32:48;03:36:15;00:07:31;00:25:28;00:38:49;00:52:56;01:02:42;01:11:24;01:29:51;01:43:34;01:57:12;02:06:32;05:42:47
164;29;Королев;Андрей;52;Республика Беларусь; Нет клуба/No club;М 50-54;00:37:22;00:43:40;00:30:20;00:34:35;00:42:21;01:13:03;01:17:12;01:25:06;01:30:18;01:37:56;01:56:48;02:01:05;02:09:08;02:14:07;02:21:39;2:41:2;02:45:32;02:50:51;03:34:31;03:40:30;00:07:17;0:24:1;00:36:10;0:49:11;00:58:18;01:06:19;01:24:57;01:38:41;01:52:48;02:02:18;05:42:48
165;175;Веремчук;Павел;48;Республика Беларусь; Нет клуба/No club;М 45-49;00:35:40;00:40:53;00:33:08;00:37:55;00:46:24;01:20:31;01:25:13;01:35:11;01:40:39;01:48:46;02:09:18;02:14:10;02:22:55;02:28:47;02:37:24;2:59:12;03:04:15;03:10:05;03:50:58;03:54:06;00:06:32;00:21:26;00:32:30;00:44:24;00:53:15;01:00:23;01:17:02;01:28:35;01:40:49;01:48:59;05:43:04
166;135;Sokolov;Andrey;59;Россия; Нет клуба/No club;М 55-59;00:43:55;00:47:58;00:30:37;00:34:56;00:42:36;01:12:06;01:16:11;01:23:53;01:28:46;01:35:47;01:53:50;01:57:51;02:05:32;02:10:24;02:17:25;2:36:0;02:40:19;02:45:38;03:33:35;03:36:25;00:08:07;00:26:02;00:38:51;0:52:47;01:02:32;01:11:09;01:29:59;01:43:26;01:57:30;02:07:09;05:43:34
167;200;Карпенко;Дмитрий;35;Россия;;М 35-39;00:50:03;00:55:08;00:31:35;00:35:59;00:43:43;01:14:42;01:19:01;01:26:58;01:32:01;01:39:26;01:58:57;02:03:36;02:12:07;02:17:17;02:25:13;2:45:33;02:50:16;02:55:32;03:50:40;03:53:13;00:07:23;00:23:49;00:35:54;00:47:55;00:56:02;01:03:10;01:20:05;01:31:49;01:43:20;01:51:11;05:44:24
168;188;Перуцкий;Дмитрий;41;Россия;;М 40-44;00:40:44;00:45:16;00:32:55;00:37:17;00:45:19;01:17:26;01:22:03;01:30:30;01:35:48;01:43:29;02:03:40;02:08:14;02:16:54;02:22:23;02:30:02;2:50:1;02:54:39;03:00:17;03:45:33;03:49:16;00:07:21;00:23:32;00:35:20;00:47:48;00:56:24;01:05:32;01:22:12;01:34:28;01:47:35;01:56:16;05:45:31
169;103;Старикова;Татьяна;53;Россия; Нет клуба/No club;Ж 50+;00:51:18;00:54:28;00:31:19;00:35:39;00:43:23;01:14:30;01:18:49;01:26:56;01:32:08;01:39:53;01:59:59;02:04:25;02:12:37;02:17:53;02:25:30;2:45:59;02:50:44;02:56:32;03:51:00;03:53:33;00:06:21;00:21:23;00:32:23;00:44:22;00:52:54;01:00:14;01:17:17;01:29:35;01:43:01;01:52:13;05:45:46
170;39;Гутовец;Игорь;42;Республика Беларусь; Нет клуба/No club;М 40-44;00:44:48;00:49:55;00:30:23;00:34:41;00:42:24;01:12:44;01:16:59;01:24:50;01:29:53;01:37:33;01:56:09;02:00:38;02:08:40;02:13:37;02:21:18;2:40:12;02:44:35;02:49:51;03:39:46;03:43:10;00:07:21;00:24:12;00:36:34;00:49:56;00:59:43;01:08:15;01:26:12;01:40:08;01:54:05;02:03:01;05:46:10
171;57;Каракулян;Роман;30;Республика Беларусь; Нет клуба/No club;М 30-34;00:37:32;00:41:40;00:32:36;00:37:10;00:45:17;01:16:58;01:21:20;01:29:29;01:34:51;01:42:37;02:03:21;02:08:08;02:17:00;02:22:55;02:31:43;2:54:22;02:59:37;03:05:40;03:47:20;03:50:10;00:06:50;00:23:25;00:36:07;00:49:04;00:57:38;01:04:58;01:22:35;01:34:49;01:47:43;01:56:09;05:46:18
172;99;Востриков;Алексей;37;Россия;OZON Triathlon team;М 35-39;00:46:47;00:53:24;00:32:56;00:37:24;00:45:18;01:16:38;01:20:54;01:28:48;01:33:57;01:41:25;02:00:45;02:05:16;02:13:27;02:18:34;02:26:02;2:45:32;02:50:03;02:55:32;03:48:55;03:54:24;00:06:55;00:22:54;00:34:22;0:47:14;00:56:14;01:03:39;01:21:02;01:32:33;01:44:27;01:52:35;05:47:00
173;80;Кузьмин;Николай;38;Россия;CityLink Triathlon Team;М 35-39;00:50:08;00:54:53;00:30:30;00:34:41;00:42:21;01:13:02;01:17:18;01:25:30;01:30:49;01:38:27;01:58:18;02:02:49;02:11:13;02:16:46;02:24:35;2:45:11;02:49:57;02:55:32;03:50:25;03:54:13;00:07:02;00:22:35;00:34:18;00:47:42;00:55:54;01:03:13;01:19:22;01:31:18;01:44:06;01:52:47;05:47:00
174;78;Мельник;Андрей;41;Россия; Нет клуба/No club;М 40-44;00:38:47;00:43:38;00:29:16;00:33:36;00:41:04;01:15:09;01:19:20;01:27:17;01:32:23;01:44:14;02:15:52;02:20:37;02:30:01;02:35:14;02:43:01;3:3:42;03:08:29;03:14:30;03:58:08;04:02:50;00:08:14;00:23:29;00:34:11;00:45:29;00:53:19;00:59:58;01:14:53;01:25:28;01:36:36;01:44:16;05:47:05
175;249;Каштанов;Максим;47;Россия;;М 45-49;00:51:08;00:55:39;00:31:30;00:35:45;00:43:26;01:15:02;01:19:15;01:27:08;01:32:12;01:39:50;01:59:33;02:03:53;02:12:15;02:17:30;02:25:14;2:45:17;02:49:56;02:55:23;03:51:02;03:54:10;00:07:55;0:23:27;00:34:43;00:46:51;00:55:20;01:02:41;01:19:36;01:31:49;01:44:52;01:53:47;05:47:57
176;259;Krechetov;Sergey;42;Россия;;М 40-44;00:43:04;00:48:38;00:32:16;00:36:39;00:44:41;01:16:50;01:21:29;01:29:54;01:35:24;01:43:00;02:03:02;02:07:35;02:16:12;02:21:37;02:29:24;2:49:24;02:54:02;02:59:44;03:48:22;03:52:58;00:08:33;0:25:13;00:37:19;00:49:33;00:58:03;01:05:35;01:22:02;01:33:58;01:46:31;01:55:04;05:48:01
177;170;Даниленко;Виктор;51;Республика Беларусь;Многобор;М 50-54;00:35:08;00:37:21;00:31:43;00:36:05;00:43:52;01:15:44;01:20:03;01:28:18;01:33:38;01:41:24;02:01:24;02:06:00;02:14:32;02:20:18;02:28:40;2:50:14;02:55:14;03:00:52;03:38:12;03:40:19;00:06:55;0:23:21;00:35:17;00:48:27;00:57:47;01:06:00;01:25:46;01:40:51;01:56:59;02:07:59;05:48:18
178;262;Gumerov;Radik;33;Россия;;М 30-34;00:31:16;00:34:27;00:31:46;00:36:14;00:44:12;01:15:19;01:19:34;01:27:39;01:32:51;01:40:30;02:00:25;02:04:57;02:13:20;02:18:44;02:26:29;2:46:50;02:51:33;02:57:05;03:31:33;03:33:35;00:07:00;00:24:58;00:37:58;00:51:39;01:01:18;01:09:43;01:30:33;01:47:13;02:03:18;02:14:57;05:48:32
179;158;Сороко;Виталий;38;Республика Беларусь;Tristyle;М 35-39;00:52:37;00:55:35;00:30:10;00:34:30;00:42:34;01:14:40;01:19:00;01:26:27;01:31:03;01:38:23;01:57:23;02:01:34;02:09:27;02:14:28;02:21:41;2:41:8;02:45:39;02:50:57;03:46:32;03:48:39;00:06:33;0:22:6;00:33:23;00:46:22;00:56:06;01:03:44;01:22:27;01:35:44;01:49:40;02:00:02;05:48:42
180;95;Кузьмин;Максим;45;Россия;PROБег Ярославль;М 45-49;00:41:39;00:49:58;00:32:39;00:37:06;00:44:47;01:15:51;01:20:15;01:28:07;01:33:21;01:40:52;02:00:38;02:05:11;02:13:20;02:18:45;02:26:24;2:46:26;02:51:04;02:56:21;03:46:19;03:50:50;00:07:10;00:23:58;00:35:49;00:48:40;00:57:18;01:04:50;01:22:14;01:35:09;01:48:20;01:57:57;05:48:47
181;129;Романович;Александр;40;Республика Беларусь; Нет клуба/No club;М 40-44;00:40:53;00:44:42;00:30:43;00:35:05;00:42:44;01:14:33;01:18:51;01:26:57;01:32:16;01:40:08;02:00:11;02:04:42;02:13:02;02:18:29;02:28:39;2:49:27;02:54:16;03:00:04;03:44:46;03:48:07;00:07:02;00:24:29;00:37:03;00:50:32;00:59:54;01:07:38;01:25:32;01:38:12;01:51:48;02:01:15;05:49:22
182;115;Диденко;Сергей;36;Россия; Нет клуба/No club;М 35-39;00:48:24;00:55:52;00:28:24;00:32:37;00:39:51;01:08:41;01:12:49;01:20:07;01:24:51;01:31:57;01:49:07;01:53:13;02:00:39;02:05:25;02:12:28;2:30:26;02:34:36;02:39:32;03:35:24;03:40:02;00:08:24;00:26:46;00:39:28;00:53:04;01:02:59;01:15:15;01:34:01;01:47:20;02:01:14;02:10:37;05:50:39
183;82;Новик;Евгений;39;Россия; Нет клуба/No club;М 35-39;00:46:53;00:51:11;00:33:38;00:38:33;00:47:08;01:23:10;01:28:06;01:36:49;01:42:18;01:50:33;02:11:29;02:16:31;02:25:14;02:30:44;02:39:07;3:0:40;03:05:39;03:11:39;04:02:49;04:06:41;00:07:23;0:22:5;00:32:45;00:44:03;00:51:58;00:59:00;01:14:13;01:25:27;01:37:25;01:45:20;05:52:01
184;117;Прокопович;Сергей;36;Республика Беларусь; Нет клуба/No club;М 35-39;00:47:31;00:53:35;00:28:05;00:31:59;00:39:09;01:07:37;01:11:29;01:19:06;01:23:48;01:31:12;01:49:46;01:53:52;02:01:51;02:06:34;02:15:03;2:33:29;02:37:45;02:42:46;03:36:22;03:40:30;00:07:32;00:25:29;00:38:39;00:52:41;01:02:43;01:11:38;01:31:10;01:45:47;02:01:24;02:11:40;05:52:11
185;246;Дедков;Артем;36;Россия;;М 35-39;00:48:45;00:52:30;00:33:30;00:38:05;00:46:02;01:18:25;01:22:52;01:31:13;01:36:32;01:44:29;02:04:48;02:09:24;02:17:53;02:23:23;02:31:35;2:52:57;02:57:54;03:03:44;03:56:14;04:00:00;00:07:13;00:23:15;00:34:39;00:46:23;00:54:42;01:01:46;01:17:57;01:30:54;01:43:28;01:52:29;05:52:29
186;151;Вильчинский;Ромуальд;35;Республика Беларусь;Tristyle;М 35-39;00:43:56;00:48:32;00:32:04;00:36:38;00:44:30;01:16:20;01:20:50;01:28:52;01:34:12;01:41:59;02:01:46;02:06:25;02:14:36;02:20:05;02:27:35;2:47:30;02:52:07;02:57:58;03:46:29;03:49:43;00:07:51;0:24:54;00:37:16;00:50:35;00:59:51;01:07:47;01:25:55;01:39:03;01:53:42;02:04:04;05:53:47
187;207;Роготнев;Евгений;43;Россия;;М 40-44;00:43:41;00:47:25;00:32:53;00:37:16;00:45:16;01:17:38;01:21:52;01:29:58;01:35:17;01:42:57;02:03:34;02:07:58;02:16:24;02:21:57;02:30:02;2:50:59;02:55:50;03:01:35;03:49:01;03:52:38;00:07:08;0:23:8;00:34:44;00:48:58;00:57:54;01:06:00;01:23:52;01:37:24;01:51:51;02:01:45;05:54:22
188;169;Гаравский;Владимир;59;Республика Беларусь; Нет клуба/No club;М 55-59;00:37:57;00:42:53;00:32:38;00:37:04;00:44:47;01:15:24;01:19:39;01:27:42;01:32:51;01:40:23;01:59:39;02:04:04;02:12:25;02:17:44;02:25:28;2:45:5;02:49:38;02:54:42;03:37:35;03:41:13;00:07:36;00:25:34;00:39:05;00:53:59;01:04:16;01:13:12;01:33:41;01:47:52;02:03:16;02:13:28;05:54:41
189;25;Ажгалиев;Ролан;26;Россия; Нет клуба/No club;М 25-29;00:44:46;00:50:09;00:31:57;00:36:23;00:44:02;01:15:20;01:19:23;01:27:03;01:32:08;01:39:23;01:57:56;02:02:15;02:09:57;02:14:59;02:22:29;2:42:4;02:46:36;02:52:09;03:42:18;03:46:26;00:07:56;0:25:50;00:38:50;00:52:42;01:02:11;01:10:45;01:29:43;01:44:27;01:59:20;02:08:40;05:55:06
190;221;Карпова;Татьяна;38;Россия;;Ж 30-39;00:48:09;00:52:27;00:34:31;00:39:35;00:48:12;01:23:27;01:28:26;01:37:30;01:43:08;01:51:27;02:12:46;02:17:42;02:26:45;02:32:17;02:40:40;3:1:30;03:06:20;03:12:00;04:04:27;04:06:56;00:06:48;00:22:00;00:33:21;00:45:18;00:53:34;01:00:43;01:16:44;01:28:17;01:40:17;01:48:26;05:55:22
191;195;Рабцевич;Дмитрий;43;Россия;;М 40-44;00:43:37;00:47:15;00:32:09;00:36:44;00:44:53;01:17:52;01:22:26;01:30:54;01:36:27;01:44:48;02:05:26;02:10:13;02:18:59;02:24:32;02:33:03;2:54:14;02:59:09;03:04:49;03:52:04;03:55:59;00:06:36;00:22:39;00:34:39;00:51:03;00:59:40;01:07:25;01:24:46;01:37:44;01:51:09;02:00:17;05:56:17
192;81;Потапенко;Андрей;38;Республика Беларусь; Нет клуба/No club;М 35-39;00:41:05;00:43:58;00:31:47;00:36:02;00:43:53;01:16:08;01:20:20;01:28:22;01:33:46;01:41:36;02:02:27;02:07:06;02:15:33;02:21:03;02:29:22;2:51:11;02:56:14;03:02:12;03:46:09;03:48:46;00:07:25;00:25:56;00:39:00;00:52:13;01:01:37;01:10:06;01:28:48;01:43:03;01:57:40;02:07:42;05:56:28
193;86;Шиндиков;Алексей;35;Республика Беларусь; Нет клуба/No club;М 35-39;00:38:58;00:42:20;00:36:22;00:41:29;00:50:22;01:26:55;01:31:30;01:40:18;01:46:05;01:54:31;02:16:13;02:20:55;02:29:54;02:36:49;02:44:48;3:6:16;03:11:15;03:17:15;03:59:34;04:01:27;00:07:25;00:23:54;00:35:02;00:46:51;00:55:06;01:02:44;01:20:13;01:32:58;01:46:38;01:55:45;05:57:12
194;204;Щекотихин;Дмитрий;40;Россия;;М 40-44;00:50:59;00:54:55;00:31:24;00:35:53;00:43:35;01:15:04;01:19:26;01:27:26;01:32:51;01:43:57;02:04:04;02:08:44;02:17:18;02:22:44;02:30:40;2:51:39;02:56:31;03:02:10;03:57:05;03:59:46;00:07:13;00:23:31;00:35:23;00:48:15;00:57:25;01:05:10;01:22:37;01:35:23;01:49:02;01:58:34;05:58:20
195;154;Шпакович;Максим;35;Республика Беларусь; Нет клуба/No club;М 35-39;00:46:45;00:52:38;00:31:12;00:35:29;00:43:18;01:18:15;01:22:28;01:30:10;01:35:32;01:43:27;02:03:24;02:07:45;02:16:38;02:21:58;02:29:50;2:50:10;02:54:53;03:00:22;03:53:00;03:56:36;00:06:40;00:22:43;00:34:45;00:48:05;00:57:23;01:05:46;01:24:49;01:38:15;01:52:37;02:02:46;05:59:22
196;48;Наранович;Евгений;37;Республика Беларусь;Tristyle;М 35-39;00:42:15;00:47:18;00:33:29;00:38:11;00:46:19;01:19:41;01:24:33;01:33:08;01:38:31;01:46:38;02:07:30;02:12:28;02:21:02;02:26:28;02:34:42;2:56:2;03:00:59;03:07:06;03:54:24;03:59:24;00:07:25;00:23:58;00:36:08;00:49:02;00:58:06;01:05:53;01:24:07;01:37:18;01:51:16;02:00:57;06:00:20
197;23;Нагорняк;Евгений;33;Республика Беларусь; Нет клуба/No club;М 30-34;00:42:16;00:46:21;00:30:13;00:34:16;00:41:39;01:10:36;01:14:38;01:22:07;01:26:58;01:34:15;01:52:01;01:56:10;02:03:57;02:08:55;02:16:15;2:35:42;02:40:12;02:45:47;03:32:08;03:35:34;00:07:30;0:25:13;00:38:05;0:52:32;01:02:38;01:11:12;01:31:36;01:49:12;02:14:02;02:24:51;06:00:25
198;88;Малаховская;Татьяна;33;Республика Беларусь; Нет клуба/No club;Ж 30-39;00:43:35;00:46:42;00:32:25;00:36:43;00:44:56;01:19:14;01:23:47;01:32:27;01:38:05;01:46:01;02:07:19;02:11:49;02:20:24;02:26:02;02:34:03;2:55:14;03:00:08;03:05:51;03:52:33;03:54:39;00:07:22;0:25:2;00:37:52;00:51:35;01:01:10;01:09:31;01:28:28;01:41:56;01:56:10;02:05:53;06:00:32
199;239;Куксенко;Дмитрий;24;Россия;;М 18-24;00:48:24;00:51:33;00:33:01;00:37:37;00:45:53;01:18:53;01:23:27;01:31:41;01:36:55;01:44:38;02:04:47;02:09:37;02:18:09;02:23:37;02:31:35;2:52:31;02:57:22;03:03:27;03:55:00;03:59:16;00:08:33;00:25:09;00:37:32;00:50:29;00:59:33;01:07:19;01:25:14;01:39:11;01:53:14;02:02:30;06:01:46
200;125;Асалханов;Саян;37;Россия;SBERBANK Triathlon Team;М 35-39;00:51:53;00:57:15;00:34:35;00:39:11;00:47:11;01:20:35;01:25:08;01:33:28;01:38:57;01:47:05;02:07:39;02:12:21;02:21:01;02:26:39;02:34:41;2:55:19;03:00:06;03:05:58;04:03:13;04:08:21;00:07:27;00:24:37;00:37:15;00:50:29;00:59:33;01:06:58;01:23:58;01:35:52;01:48:27;01:57:06;06:05:27
201;165;Кольцов;Сергей;53;Россия; Нет клуба/No club;М 50-54;00:42:20;00:45:49;00:34:30;00:39:09;00:47:30;01:21:29;01:26:21;01:34:47;01:40:09;01:47:47;02:08:00;02:12:35;02:21:26;02:26:58;02:34:46;2:55:10;02:59:54;03:05:30;03:51:19;03:54:59;00:07:24;00:24:30;00:37:05;00:52:25;01:01:53;01:09:54;01:28:47;01:44:00;02:00:00;02:10:38;06:05:37
202;27;Гаркавый;Максим;43;Республика Беларусь; Нет клуба/No club;М 40-44;00:37:11;00:39:42;00:32:57;00:37:29;00:45:36;01:19:03;01:23:28;01:31:52;01:37:21;01:45:44;02:06:53;02:11:39;02:20:55;02:26:38;02:35:26;2:58:26;03:03:46;03:09:59;03:49:42;03:51:57;00:09:21;00:27:00;00:40:17;00:54:14;01:03:58;01:12:21;01:31:49;01:46:18;02:02:18;02:13:40;06:05:37
203;228;Шмаков;Анатолий;33;Россия;;М 30-34;00:44:50;00:52:29;00:36:04;00:40:48;00:49:32;01:24:08;01:28:46;01:37:29;01:43:12;01:51:33;02:13:05;02:17:55;02:26:51;02:32:43;02:41:24;3:2:48;03:07:46;03:14:04;04:06:33;04:09:51;00:07:15;00:23:55;00:36:12;00:48:56;00:57:59;01:05:29;01:22:18;01:34:51;01:47:53;01:56:06;06:05:57
204;206;Курский;Евгений;38;Россия;;М 35-39;00:46:52;00:54:08;00:32:50;00:37:26;00:45:24;01:18:10;01:22:27;01:30:26;01:35:36;01:45:02;02:06:01;02:10:53;02:19:40;02:25:02;02:33:13;2:55:6;03:00:10;03:06:47;04:00:54;04:06:05;00:11:00;00:29:12;00:42:06;00:56:04;01:06:07;01:13:17;01:29:42;01:41:20;01:53:28;02:01:35;06:07:40
205;35;Ситников;Евгений;49;Россия;XRacer;М 45-49;00:42:22;00:46:03;00:31:42;00:35:58;00:43:53;01:15:29;01:19:42;01:28:00;01:33:20;01:41:14;02:01:56;02:06:33;02:15:12;02:20:51;02:31:39;2:52:34;02:57:25;03:03:11;03:49:13;03:52:34;00:08:20;0:27:22;00:41:11;00:55:45;01:05:46;01:14:26;01:34:31;01:49:03;02:04:52;02:15:27;06:08:01
206;197;Капралов;Павел;40;Россия;;М 40-44;00:41:04;00:49:21;00:33:30;00:38:25;00:46:35;01:21:16;01:25:36;01:33:57;01:39:31;01:47:43;02:09:34;02:14:18;02:22:52;02:28:41;02:36:56;2:59:13;03:04:23;03:10:31;03:59:52;04:03:09;00:07:05;0:25:2;00:38:03;00:51:13;01:02:14;01:10:09;01:28:52;01:42:15;01:56:20;02:05:16;06:08:25
207;137;Chinyakov;Oleg;27;Россия; Нет клуба/No club;М 25-29;00:43:40;00:46:42;00:33:12;00:37:46;00:46:03;01:19:07;01:23:40;01:32:13;01:37:48;01:46:16;02:08:38;02:13:43;02:23:14;02:29:22;02:38:53;3:3:25;03:09:06;03:15:48;04:02:30;04:06:02;00:07:33;00:25:30;00:38:11;00:52:32;01:02:11;01:10:04;01:28:00;01:41:16;01:56:30;02:05:19;06:11:21
208;236;Трофимов;Максим;37;Россия;;М 35-39;00:41:04;00:46:06;00:33:29;00:38:25;00:46:53;01:20:27;01:24:57;01:33:17;01:38:40;01:48:09;02:08:04;02:12:44;02:21:10;02:26:31;02:34:27;2:55:9;02:59:57;03:05:47;03:51:52;03:56:35;00:09:28;0:27:55;00:41:19;00:56:14;01:06:29;01:16:55;01:36:24;01:51:05;02:05:44;02:14:52;06:11:27
209;261;Yezhov;Anton;36;Россия;;М 35-39;00:47:52;00:53:24;00:34:08;00:38:58;00:47:44;01:22:47;01:27:37;01:36:21;01:41:56;01:50:09;02:11:50;02:16:49;02:25:56;02:31:40;02:40:08;3:2:13;03:07:20;03:13:36;04:07:00;04:11:53;0:4:33;00:14:51;00:27:07;00:40:33;00:49:58;00:58:37;01:18:16;01:33:25;01:49:08;01:59:35;06:11:28
210;100;Семашко;Артем;36;Республика Беларусь; Нет клуба/No club;М 35-39;00:42:00;00:45:51;00:36:48;00:41:52;00:51:00;01:25:52;01:30:30;01:39:25;01:45:17;01:53:51;02:16:05;02:21:14;02:30:19;02:36:15;02:45:04;3:8:32;03:13:58;03:20:33;04:06:23;04:09:28;00:07:09;00:23:54;00:35:56;00:48:40;00:57:52;01:05:37;01:23:49;01:37:19;01:51:46;02:02:12;06:11:40
211;102;Анпилогов;Руслан;43;Россия; Нет клуба/No club;М 40-44;00:51:34;00:55:54;00:34:26;00:39:06;00:47:29;01:23:11;01:28:12;01:37:28;01:43:41;01:53:03;02:17:04;02:22:20;02:31:52;02:37:49;02:46:44;3:10:23;03:15:52;03:22:41;04:18:35;04:23:21;00:08:14;00:23:25;00:34:23;00:45:44;0:53:39;01:00:29;01:16:44;01:28:42;01:41:08;01:48:47;06:12:08
212;201;Nenashev;Denis;40;Россия;;М 40-44;00:48:39;00:51:48;00:33:28;00:38:04;00:46:47;01:22:41;01:27:18;01:36:09;01:41:37;01:49:35;02:10:46;02:15:33;02:24:22;02:30:10;02:38:13;2:59:20;03:04:13;03:10:14;04:02:02;04:04:33;00:07:34;00:25:27;00:38:50;00:52:58;01:03:02;01:11:43;01:31:03;01:44:40;01:58:40;02:08:15;06:12:47
213;74;Гаврильчик;Максим;35;Республика Беларусь;Tristyle;М 35-39;00:44:26;00:47:25;00:31:47;00:36:08;00:44:20;01:17:03;01:21:30;01:30:08;01:35:38;01:43:48;02:03:53;02:08:28;02:17:14;02:22:52;02:31:10;2:53:8;02:58:14;03:04:23;03:51:48;03:54:53;00:08:18;00:28:00;00:42:38;00:58:16;01:09:10;01:18:26;01:39:00;01:53:33;02:08:46;02:18:44;06:13:37
214;209;Рогов;Роман;32;Россия;;М 30-34;00:45:33;00:50:36;00:36:34;00:41:50;00:51:19;01:29:12;01:34:14;01:43:09;01:49:05;01:57:42;02:19:25;02:24:30;02:33:47;02:39:34;02:48:06;3:10:25;03:15:35;03:22:14;04:12:50;04:15:13;00:06:53;00:23:09;00:35:24;00:47:32;00:56:12;01:03:31;01:20:54;01:35:28;01:49:49;01:58:38;06:13:52
215;194;Павлов;Кирилл;40;Россия;;М 40-44;00:50:58;00:56:24;00:34:19;00:38:58;00:47:34;01:22:57;01:27:36;01:36:00;01:41:45;01:49:59;02:11:25;02:16:11;02:25:00;02:30:40;02:39:21;3:0:39;03:05:35;03:11:30;04:07:55;04:11:15;00:07:03;00:23:04;00:34:49;00:48:27;00:57:56;01:06:18;01:24:17;01:38:46;01:53:36;02:03:17;06:14:32
216;178;Гогин;Максим;45;Россия;;М 45-49;00:43:04;00:48:50;00:29:17;00:33:40;00:41:07;01:11:18;01:15:25;01:23:17;01:28:26;01:37:49;01:56:47;02:01:16;02:09:35;02:14:44;02:22:56;2:43:50;02:48:40;02:54:36;03:43:26;03:47:47;00:08:11;00:26:17;00:39:44;00:54:21;01:04:27;01:13:44;01:36:12;01:54:02;02:14:40;02:28:31;06:16:18
217;251;Давыдова;Анна;45;Россия;;Ж 40-49;00:50:42;00:55:53;00:33:37;00:38:11;00:46:20;01:19:17;01:23:50;01:32:13;01:37:43;01:45:29;02:06:11;02:10:53;02:19:44;02:25:13;02:33:03;2:54:8;02:59:01;03:04:57;04:00:50;04:04:52;00:07:51;00:25:54;00:40:01;00:54:08;01:04:09;01:12:54;01:32:35;01:46:52;02:02:03;02:12:32;06:17:23
218;69;Захаров;Роман;39;Россия; Нет клуба/No club;М 35-39;00:47:35;00:51:27;00:33:44;00:38:26;00:46:50;01:21:11;01:25:55;01:34:32;01:40:13;01:48:40;02:10:39;02:15:39;02:24:54;02:30:41;02:38:58;3:0:26;03:05:24;03:11:41;04:03:08;04:07:34;00:07:19;00:24:09;00:36:51;00:50:54;01:01:11;01:09:52;01:29:47;01:44:18;01:59:29;02:09:53;06:17:26
219;31;Харламов;Павел;41;Россия;"Спортивный Клуб ""VATAGA""";М 40-44;00:47:03;00:55:04;00:35:17;00:40:24;00:49:16;01:23:13;01:28:02;01:36:48;01:42:21;01:50:51;02:11:35;02:16:38;02:25:33;02:31:10;02:39:48;3:0:54;03:05:47;03:12:03;04:07:06;04:11:12;00:07:41;00:28:26;00:41:58;00:55:54;01:05:32;01:13:52;01:32:36;01:46:26;02:00:45;02:10:30;06:21:42
220;265;РЫДКИН;АЛЕКСАНДР;45;Россия;;М 45-49;00:52:16;00:56:29;00:33:03;00:37:33;00:45:59;01:20:10;01:24:39;01:33:23;01:39:10;01:47:39;02:09:17;02:14:15;02:23:40;02:29:31;02:37:51;2:58:49;03:03:41;03:09:40;04:06:09;04:08:46;00:07:16;00:25:01;00:37:59;00:52:22;01:02:44;01:11:31;01:33:15;01:47:46;02:03:25;02:14:30;06:23:16
221;193;Буянов;Александр;50;Россия;;М 50-54;00:42:46;00:48:29;00:34:57;00:39:53;00:48:41;01:24:21;01:29:04;01:37:50;01:43:38;01:52:19;02:14:39;02:19:45;02:28:47;02:34:37;02:45:29;3:7:11;03:12:13;03:18:22;04:06:50;04:11:00;00:08:28;00:27:10;00:40:50;00:55:32;01:06:00;01:14:58;01:35:17;01:49:43;02:04:34;02:15:00;06:26:00
222;164;Levashkevich;Alexey;51;США; Нет клуба/No club;М 50-54;00:32:30;00:37:24;00:33:04;00:37:32;00:45:41;01:19:56;01:24:32;01:33:01;01:38:41;01:47:00;02:07:27;02:12:01;02:20:53;02:26:35;02:35:03;2:56:1;03:00:52;03:06:27;03:43:51;03:48:20;00:11:13;00:33:38;00:49:27;01:06:17;01:17:56;01:29:05;01:52:51;02:09:44;02:27:12;02:38:26;06:26:46
223;67;Новоселов;Артем;38;Россия;Swim+;М 35-39;00:38:25;00:42:29;00:33:27;00:38:05;00:46:33;01:20:15;01:24:40;01:33:19;01:38:55;01:49:06;02:10:39;02:15:05;02:24:03;02:29:53;02:38:17;3:0:50;03:06:03;03:12:21;03:54:50;03:58:54;00:08:24;00:28:43;00:43:36;00:59:27;01:11:18;01:20:00;01:41:38;01:57:30;02:15:27;02:28:12;06:27:06
224;150;Poletaev;Oleg;54;Россия;SBERBANK Triathlon Team;М 50-54;00:52:11;00:58:14;00:34:29;00:39:02;00:47:33;01:21:30;01:26:07;01:34:32;01:39:50;01:47:37;02:07:42;02:12:22;02:20:45;02:25:59;02:34:06;03:16:07;03:20:30;03:26:21;04:24:35;04:28:53;00:07:58;00:25:55;00:38:49;00:52:11;01:01:19;01:08:47;01:25:50;01:37:59;01:51:14;02:00:08;06:29:01
225;62;Новоселова;Асият;37;Россия;LDNclub18;Ж 30-39;00:43:30;00:48:00;00:34:24;00:39:13;00:48:02;01:22:36;01:27:27;01:36:22;01:42:18;01:50:51;02:13:11;02:18:15;02:27:30;02:33:30;02:42:17;3:5:16;03:10:36;03:17:10;04:05:10;04:12:29;00:08:53;00:28:57;00:43:28;00:58:44;01:09:22;01:18:19;01:38:42;01:53:02;02:08:01;02:18:16;06:30:44
226;199;Киселев;Александр;41;Россия;;М 40-44;01:01:10;01:06:09;00:40:37;00:45:31;00:54:38;01:31:09;01:36:10;01:45:35;01:51:35;02:00:09;2:23:32;02:28:55;02:38:40;02:44:42;02:55:41;03:19:56;03:25:18;03:32:12;04:38:20;04:42:20;00:06:43;00:21:43;00:32:21;00:43:31;00:51:19;00:58:10;01:14:16;01:26:34;01:39:45;01:48:34;06:30:54
227;208;Белоусов;Александр;49;Россия;;М 45-49;00:49:33;00:56:51;00:35:04;00:40:01;00:49:00;01:24:15;01:29:18;01:38:15;01:43:55;01:52:34;02:14:15;02:19:25;02:28:25;02:34:12;02:43:04;3:5:18;03:10:27;03:16:45;04:13:36;04:19:54;00:08:11;00:27:19;00:41:28;00:56:25;01:07:01;01:15:54;01:36:22;01:51:37;02:07:27;02:18:34;06:38:28
228;243;Ларцев;Василий;58;Россия;;М 55-59;00:51:55;00:57:11;00:37:01;00:42:11;00:51:26;01:28:30;01:33:29;01:42:38;01:48:35;01:57:11;02:20:08;02:25:18;02:34:30;02:40:24;02:49:15;03:12:41;03:17:47;03:24:50;04:22:01;04:26:38;00:07:38;00:25:32;00:40:11;00:54:29;1:4:48;01:13:42;01:33:35;01:49:09;02:05:07;02:15:40;06:42:18
229;98;Широков;Максим;36;Россия; Нет клуба/No club;М 35-39;00:52:10;00:56:21;00:38:40;00:43:59;00:53:54;01:35:49;01:41:21;01:51:50;01:58:34;02:09:22;2:33:36;02:39:11;02:49:57;02:57:02;03:07:39;03:34:45;03:40:47;03:48:43;04:45:04;04:48:14;00:08:35;00:26:48;00:39:53;00:53:23;01:03:22;01:12:09;01:29:45;01:42:54;01:56:16;02:05:40;06:53:54
230;54;Самсонов;Никита;34;Республика Беларусь; Нет клуба/No club;М 30-34;00:51:05;00:55:39;00:39:09;00:44:26;00:54:42;01:34:46;01:40:00;01:50:15;01:56:53;02:05:55;2:30:28;02:36:07;02:46:33;02:53:03;03:02:45;03:27:19;03:33:04;03:40:22;04:36:01;04:39:33;00:08:00;0:28:55;00:44:06;00:57:25;01:07:16;01:15:35;01:36:59;01:51:04;02:06:19;02:16:55;06:56:28